0.35514	-1.61074E-8
0.38053	-1.67435E-8
0.40626	-1.7131E-8
0.43196	-1.70946E-8
0.45765	-1.68536E-8
0.4834	-1.61538E-8
0.50908	-1.61834E-8
0.53481	-1.61354E-8
0.56051	-1.61141E-8
0.5862	-1.6112E-8
0.61192	-1.61393E-8
0.63762	-1.71072E-8
0.66333	-1.61265E-8
0.68904	-1.61289E-8
0.71474	-1.61129E-8
0.74043	-1.71698E-8
0.76615	-1.71661E-8
0.79186	-1.71338E-8
0.81756	-1.71335E-8
0.84327	-1.71282E-8
0.86898	-1.71707E-8
0.89467	-1.62687E-8
0.92038	-1.6166E-8
0.94611	-1.63241E-8
0.97179	-1.65615E-8
0.9975	-1.64691E-8
1.02322	-1.61142E-8
1.04892	-1.60075E-8
1.07464	-1.58926E-8
1.10035	-1.59181E-8
1.12607	-1.59968E-8
1.15177	-1.59537E-8
1.17751	-1.65531E-8
1.2032	-1.59065E-8
1.22894	-1.59157E-8
1.25468	-1.58916E-8
1.28038	-1.65172E-8
1.30611	-1.62166E-8
1.33183	-1.68979E-8
1.35754	-1.68806E-8
1.38329	-1.59118E-8
1.409	-1.58403E-8
1.43471	-1.59014E-8
1.46043	-1.58442E-8
1.48613	-1.59212E-8
1.51184	-1.69524E-8
1.53756	-1.68558E-8
1.56325	-1.68424E-8
1.58895	-1.69207E-8
1.61468	-1.69175E-8
1.64037	-1.69034E-8
1.66608	-1.68836E-8
1.69182	-1.58815E-8
1.7175	-1.59016E-8
1.7432	-1.59414E-8
1.76893	-1.59126E-8
1.79463	-1.59628E-8
1.82033	-1.59488E-8
1.84605	-1.59627E-8
1.87175	-1.59287E-8
1.89747	-1.59274E-8
1.92321	-1.59487E-8
1.94893	-1.60944E-8
1.97467	-1.64524E-8
2.00038	-1.59452E-8
2.02609	-1.59051E-8
2.05182	-1.59124E-8
2.07753	-1.59382E-8
2.10323	-1.5916E-8
2.12896	-1.5911E-8
2.15466	-1.59264E-8
2.18035	-1.5979E-8
2.2061	-1.59113E-8
2.23179	-1.59756E-8
2.25747	-1.59409E-8
2.28321	-1.59012E-8
2.30891	-1.59088E-8
2.33463	-1.69077E-8
2.36034	-1.68973E-8
2.38604	-1.64988E-8
2.41174	-1.58885E-8
2.43746	-1.67375E-8
2.46316	-1.68929E-8
2.48886	-1.69142E-8
2.5146	-1.61134E-8
2.54028	-1.61643E-8
2.56597	-1.61909E-8
2.59171	-1.61903E-8
2.6174	-1.62023E-8
2.64311	-1.65968E-8
2.66883	-1.65369E-8
2.69452	-1.68595E-8
2.72022	-1.61339E-8
2.74595	-1.61583E-8
2.77166	-1.61283E-8
2.79736	-1.64782E-8
2.8231	-1.69311E-8
2.8488	-1.70681E-8
2.87454	-1.7107E-8
2.90028	-1.69054E-8
2.926	-1.61778E-8
2.95174	-1.71329E-8
2.97745	-1.61767E-8
3.00314	-1.71646E-8
3.02888	-1.71728E-8
3.05458	-1.63667E-8
3.08025	-1.61053E-8
3.10599	-1.6057E-8
3.13169	-1.60984E-8
3.15737	-1.61509E-8
3.18312	-1.61492E-8
3.20882	-1.60991E-8
3.23448	-1.61408E-8
3.26022	-1.66428E-8
3.28592	-1.72216E-8
3.31164	-1.71498E-8
3.33736	-1.68609E-8
3.36305	-1.70972E-8
3.38876	-1.71388E-8
3.41448	-1.61396E-8
3.44016	-1.62041E-8
3.46588	-1.61409E-8
3.4916	-1.62028E-8
3.51731	-1.6212E-8
3.54301	-1.61579E-8
3.56873	-1.6194E-8
3.59442	-1.6167E-8
3.62012	-1.61497E-8
3.64586	-1.61467E-8
3.67157	-1.61426E-8
3.69727	-1.62521E-8
3.723	-1.63564E-8
3.74869	-1.63101E-8
3.77438	-1.6942E-8
3.80012	-1.70202E-8
3.82584	-1.70573E-8
3.85157	-1.71176E-8
3.87729	-1.7125E-8
3.90301	-1.71103E-8
3.92874	-1.6298E-8
3.95445	-1.71582E-8
3.98016	-1.71167E-8
4.00589	-1.64354E-8
4.03159	-1.6106E-8
4.05727	-1.61563E-8
4.08303	-1.61773E-8
4.10871	-1.61555E-8
4.13443	-1.61671E-8
4.16014	-1.61546E-8
4.18584	-1.61326E-8
4.21156	-1.61999E-8
4.23728	-1.61511E-8
4.26298	-1.61814E-8
4.28869	-1.62095E-8
4.31442	-1.63891E-8
4.34011	-1.66674E-8
4.36581	-1.61839E-8
4.39154	-1.61904E-8
4.41723	-1.60336E-8
4.44295	-1.59899E-8
4.46868	-1.60256E-8
4.49439	-1.60131E-8
4.52008	-1.5959E-8
4.54582	-1.62079E-8
4.57155	-1.69595E-8
4.59728	-1.6967E-8
4.62301	-1.69736E-8
4.64871	-1.70119E-8
4.67445	-1.69338E-8
4.70016	-1.70122E-8
4.72585	-1.72275E-8
4.75157	-1.72284E-8
4.77726	-1.72277E-8
4.80296	-1.72388E-8
4.82868	-1.72702E-8
4.85437	-1.71942E-8
4.88006	-1.72078E-8
4.90581	-1.72265E-8
4.93151	-1.72007E-8
4.95719	-1.70476E-8
4.98292	-1.64213E-8
5.0086	-1.60507E-8
5.03429	-1.59726E-8
5.06004	-1.61496E-8
5.08574	-1.62064E-8
5.11146	-1.6222E-8
5.13719	-1.62044E-8
5.16288	-1.62003E-8
5.18858	-1.61597E-8
5.21431	-1.61273E-8
5.24001	-1.69616E-8
5.26571	-1.71747E-8
5.29143	-1.61203E-8
5.31712	-1.66794E-8
5.34282	-1.71974E-8
5.36856	-1.7202E-8
5.39426	-1.71993E-8
5.41996	-1.71991E-8
5.44568	-1.71643E-8
5.47138	-1.71692E-8
5.49709	-1.71798E-8
5.52283	-1.71761E-8
5.54854	-1.64831E-8
5.57428	-1.61298E-8
5.6	-1.61823E-8
5.6257	-1.61802E-8
5.65144	-1.61897E-8
5.67715	-1.61694E-8
5.70285	-1.6152E-8
5.72859	-1.60606E-8
5.75429	-1.59438E-8
5.77998	-1.61763E-8
5.80572	-1.61649E-8
5.83142	-1.60989E-8
5.85714	-1.63331E-8
5.88284	-1.71692E-8
5.90855	-1.71208E-8
5.93426	-1.71689E-8
5.95998	-1.71257E-8
5.98567	-1.61112E-8
6.01137	-1.61349E-8
6.03709	-1.61506E-8
6.06279	-1.61453E-8
6.0885	-1.61638E-8
6.11424	-1.61494E-8
6.13995	-1.61689E-8
6.16565	-1.63271E-8
6.19138	-1.69685E-8
6.21709	-1.69389E-8
6.24282	-1.69484E-8
6.26855	-1.69293E-8
6.29426	-1.69241E-8
6.31999	-1.69156E-8
6.34571	-1.68814E-8
6.37141	-1.68828E-8
6.39715	-1.69432E-8
6.42287	-1.69463E-8
6.44856	-1.6956E-8
6.47431	-1.59501E-8
6.5	-1.59795E-8
6.52569	-1.59554E-8
6.55143	-1.59773E-8
6.57712	-1.59713E-8
6.60284	-1.5942E-8
6.62855	-1.5924E-8
6.65424	-1.59979E-8
6.67995	-1.59322E-8
6.70567	-1.59788E-8
6.73136	-1.59278E-8
6.75707	-1.60116E-8
6.78281	-1.59899E-8
6.8085	-1.59522E-8
6.8342	-1.5978E-8
6.85995	-1.60251E-8
6.88565	-1.69232E-8
6.91136	-1.69361E-8
6.9371	-1.69471E-8
6.9628	-1.69126E-8
6.98853	-1.69649E-8
7.01427	-1.69389E-8
7.03998	-1.69718E-8
7.06571	-1.69412E-8
7.09141	-1.59033E-8
7.11711	-1.68638E-8
7.14284	-1.69502E-8
7.16855	-1.69535E-8
7.19425	-1.69193E-8
7.21999	-1.68858E-8
7.24569	-1.59225E-8
7.27142	-1.59357E-8
7.29713	-1.5998E-8
7.32282	-1.60113E-8
7.34854	-1.68343E-8
7.37426	-1.60026E-8
7.39997	-1.58771E-8
7.42567	-1.62458E-8
7.45139	-1.69167E-8
7.47709	-1.69096E-8
7.5028	-1.68986E-8
7.52853	-1.58896E-8
7.55424	-1.59491E-8
7.57995	-1.59758E-8
7.60569	-1.59552E-8
7.6314	-1.59658E-8
7.65714	-1.62522E-8
7.68286	-1.67973E-8
7.70857	-1.59247E-8
7.73431	-1.59606E-8
7.76002	-1.598E-8
7.78572	-1.60031E-8
7.81146	-1.59782E-8
7.83715	-1.59512E-8
7.86283	-1.59846E-8
7.88856	-1.59832E-8
7.91426	-1.69523E-8
7.93994	-1.69056E-8
7.96569	-1.68827E-8
7.99138	-1.69262E-8
8.01711	-1.64222E-8
8.04283	-1.59974E-8
8.06853	-1.59723E-8
8.09424	-1.59763E-8
8.11998	-1.59153E-8
8.14568	-1.59531E-8
8.17138	-1.61533E-8
8.19711	-1.69475E-8
8.22282	-1.6897E-8
8.24853	-1.68843E-8
8.27426	-1.69048E-8
8.29996	-1.69127E-8
8.32569	-1.69624E-8
8.35143	-1.69284E-8
8.37714	-1.66249E-8
8.40288	-1.66436E-8
8.42858	-1.5885E-8
8.45428	-1.59192E-8
8.48002	-1.64147E-8
8.50574	-1.59331E-8
8.53142	-1.59124E-8
8.55715	-1.59795E-8
8.58285	-1.59627E-8
8.60853	-1.59168E-8
8.63428	-1.58897E-8
8.65998	-1.5895E-8
8.68566	-1.59401E-8
8.7114	-1.66391E-8
8.73709	-1.59144E-8
8.76281	-1.59422E-8
8.78853	-1.62118E-8
8.81423	-1.61072E-8
8.83992	-1.69503E-8
8.86565	-1.72513E-8
8.89134	-1.71749E-8
8.91705	-1.69787E-8
8.94278	-1.69292E-8
8.96847	-1.69068E-8
8.99417	-1.69096E-8
9.01991	-1.65864E-8
9.0456	-1.59369E-8
9.0713	-1.59378E-8
9.09704	-1.59291E-8
9.12274	-1.59162E-8
9.14843	-1.59222E-8
9.17418	-1.58971E-8
9.1999	-1.58906E-8
9.22562	-1.5818E-8
9.25135	-1.63832E-8
9.27706	-1.68829E-8
9.30279	-1.68524E-8
9.32851	-1.68427E-8
9.35421	-1.62205E-8
9.37995	-1.68194E-8
9.40565	-1.68626E-8
9.43134	-1.66502E-8
9.45708	-1.61755E-8
9.48279	-1.68626E-8
9.5085	-1.6896E-8
9.53422	-1.69073E-8
9.55991	-1.68673E-8
9.58561	-1.69459E-8
9.61132	-1.60079E-8
9.637	-1.59365E-8
9.66273	-1.59531E-8
9.68845	-1.5942E-8
9.71414	-1.5941E-8
9.73985	-1.59725E-8
9.76558	-1.59436E-8
9.79127	-1.59785E-8
9.81697	-1.59657E-8
9.8427	-1.60112E-8
9.8684	-1.59833E-8
9.8941	-1.5918E-8
9.91983	-1.59457E-8
9.94555	-1.58956E-8
9.97127	-1.59125E-8
9.997	-1.60013E-8
10.02271	-1.59473E-8
10.04843	-1.60223E-8
10.07415	-1.59494E-8
10.09986	-1.5969E-8
10.12561	-1.59418E-8
10.15133	-1.59652E-8
10.17701	-1.63622E-8
10.20275	-1.59398E-8
10.22845	-1.59414E-8
10.25414	-1.59156E-8
10.27988	-1.59469E-8
10.30559	-1.60609E-8
10.3313	-1.61232E-8
10.35701	-1.60942E-8
10.38269	-1.61572E-8
10.40841	-1.61162E-8
10.43412	-1.61518E-8
10.45981	-1.62192E-8
10.48552	-1.61205E-8
10.51124	-1.61414E-8
10.53693	-1.61225E-8
10.56263	-1.61342E-8
10.58835	-1.61467E-8
10.61404	-1.62722E-8
10.63975	-1.62911E-8
10.66548	-1.63246E-8
10.69117	-1.62108E-8
10.71688	-1.62247E-8
10.74262	-1.68545E-8
10.76831	-1.62495E-8
10.79401	-1.61742E-8
10.81976	-1.62945E-8
10.84545	-1.67724E-8
10.87114	-1.62195E-8
10.89689	-1.61824E-8
10.9226	-1.61302E-8
10.94832	-1.61809E-8
10.97404	-1.62575E-8
10.99975	-1.71875E-8
11.02548	-1.62012E-8
11.05119	-1.61596E-8
11.0769	-1.62142E-8
11.10264	-1.6473E-8
11.12834	-1.61028E-8
11.15403	-1.61623E-8
11.17977	-1.71992E-8
11.20546	-1.65748E-8
11.23114	-1.62153E-8
11.25688	-1.62187E-8
11.28257	-1.62009E-8
11.30827	-1.62085E-8
11.33401	-1.61788E-8
11.3597	-1.61923E-8
11.38542	-1.61799E-8
11.41113	-1.61539E-8
11.43682	-1.61469E-8
11.46253	-1.70971E-8
11.48824	-1.71871E-8
11.51394	-1.719E-8
11.53964	-1.71572E-8
11.56537	-1.71825E-8
11.59105	-1.67147E-8
11.61676	-1.71639E-8
11.64249	-1.70646E-8
11.66818	-1.69955E-8
11.69389	-1.61692E-8
11.71963	-1.61053E-8
11.74534	-1.61335E-8
11.77104	-1.61063E-8
11.79678	-1.61377E-8
11.82248	-1.61291E-8
11.8482	-1.61682E-8
11.87392	-1.61195E-8
11.89964	-1.61792E-8
11.92538	-1.61331E-8
11.95108	-1.60986E-8
11.97679	-1.61304E-8
12.00252	-1.61716E-8
12.02824	-1.61685E-8
12.05393	-1.64035E-8
12.07966	-1.6171E-8
12.10536	-1.61962E-8
12.13107	-1.62067E-8
12.15681	-1.69244E-8
12.1825	-1.6202E-8
12.20822	-1.71302E-8
12.23394	-1.72039E-8
12.25964	-1.724E-8
12.28534	-1.68273E-8
12.31106	-1.6176E-8
12.33675	-1.62089E-8
12.36246	-1.62419E-8
12.38818	-1.61737E-8
12.41387	-1.61723E-8
12.43958	-1.61915E-8
12.46531	-1.69027E-8
12.49101	-1.61764E-8
12.51671	-1.61644E-8
12.54244	-1.62182E-8
12.56816	-1.63296E-8
12.59385	-1.67537E-8
12.61959	-1.72006E-8
12.6453	-1.6928E-8
12.67102	-1.61048E-8
12.69675	-1.61162E-8
12.72245	-1.68824E-8
12.74819	-1.61666E-8
12.77392	-1.61431E-8
12.79961	-1.61332E-8
12.82534	-1.69086E-8
12.85104	-1.60643E-8
12.87673	-1.67991E-8
12.90246	-1.60414E-8
12.92817	-1.7044E-8
12.95385	-1.70997E-8
12.97959	-1.71656E-8
13.00528	-1.71133E-8
13.031	-1.60881E-8
13.05671	-1.60453E-8
13.0824	-1.6113E-8
13.10812	-1.6038E-8
13.13383	-1.61372E-8
13.15952	-1.61311E-8
13.18523	-1.60487E-8
13.21096	-1.61139E-8
13.23664	-1.62863E-8
13.26235	-1.71036E-8
13.28807	-1.6139E-8
13.31377	-1.60931E-8
13.33947	-1.611E-8
13.36519	-1.61065E-8
13.39089	-1.60943E-8
13.41659	-1.60726E-8
13.44231	-1.60781E-8
13.46801	-1.68788E-8
13.4937	-1.70667E-8
13.51943	-1.70729E-8
13.54513	-1.60685E-8
13.57083	-1.7091E-8
13.59656	-1.70621E-8
13.62226	-1.70452E-8
13.64795	-1.64095E-8
13.67371	-1.60174E-8
13.69942	-1.60446E-8
13.72515	-1.69905E-8
13.75088	-1.60627E-8
13.77659	-1.60579E-8
13.80231	-1.60384E-8
13.82803	-1.6016E-8
13.85373	-1.60697E-8
13.87945	-1.60315E-8
13.90516	-1.6077E-8
13.93085	-1.60672E-8
13.95657	-1.61532E-8
13.98229	-1.60962E-8
14.00797	-1.61203E-8
14.03371	-1.61264E-8
14.05939	-1.61184E-8
14.08509	-1.60952E-8
14.11084	-1.61164E-8
14.13652	-1.61215E-8
14.16223	-1.60815E-8
14.18793	-1.61072E-8
14.21362	-1.60597E-8
14.23933	-1.6067E-8
14.26504	-1.6066E-8
14.29073	-1.60479E-8
14.31642	-1.60848E-8
14.34215	-1.60342E-8
14.36785	-1.60784E-8
14.39356	-1.6081E-8
14.41929	-1.60944E-8
14.44497	-1.6068E-8
14.47068	-1.64039E-8
14.49642	-1.60918E-8
14.5221	-1.64958E-8
14.54782	-1.6896E-8
14.57355	-1.60578E-8
14.59925	-1.60543E-8
14.62494	-1.58244E-8
14.65066	-1.58064E-8
14.67635	-1.68391E-8
14.70206	-1.68152E-8
14.72778	-1.61502E-8
14.75348	-1.69905E-8
14.77919	-1.69934E-8
14.8049	-1.69362E-8
14.83061	-1.59476E-8
14.85634	-1.58654E-8
14.88206	-1.61035E-8
14.90777	-1.60784E-8
14.93349	-1.61219E-8
14.95921	-1.6131E-8
14.98492	-1.61075E-8
15.01064	-1.60768E-8
15.03635	-1.61065E-8
15.06206	-1.61212E-8
15.08778	-1.6345E-8
15.11348	-1.70901E-8
15.13918	-1.60694E-8
15.16493	-1.61035E-8
15.19062	-1.65644E-8
15.21629	-1.70704E-8
15.24204	-1.60596E-8
15.26773	-1.60589E-8
15.29341	-1.60708E-8
15.31913	-1.63909E-8
15.34483	-1.70358E-8
15.37052	-1.70358E-8
15.39627	-1.60735E-8
15.42195	-1.64398E-8
15.44764	-1.71119E-8
15.47338	-1.71277E-8
15.49908	-1.70975E-8
15.52479	-1.61299E-8
15.55052	-1.61111E-8
15.5762	-1.61765E-8
15.60191	-1.71204E-8
15.62763	-1.70855E-8
15.65333	-1.71294E-8
15.67902	-1.71445E-8
15.70476	-1.71788E-8
15.73045	-1.70971E-8
15.75616	-1.71286E-8
15.78189	-1.61886E-8
15.8076	-1.61436E-8
15.8333	-1.70534E-8
15.85903	-1.71329E-8
15.88474	-1.64618E-8
15.91048	-1.60803E-8
15.9362	-1.60898E-8
15.96191	-1.6115E-8
15.98763	-1.60525E-8
16.01335	-1.60986E-8
16.03905	-1.61253E-8
16.06479	-1.60954E-8
16.09048	-1.61257E-8
16.11619	-1.60848E-8
16.14193	-1.60497E-8
16.16763	-1.613E-8
16.19332	-1.60925E-8
16.21907	-1.61367E-8
16.24475	-1.61417E-8
16.27047	-1.61205E-8
16.29618	-1.6159E-8
16.32187	-1.61436E-8
16.34757	-1.60748E-8
16.37328	-1.60954E-8
16.39897	-1.60589E-8
16.42468	-1.61179E-8
16.45039	-1.60672E-8
16.47608	-1.60974E-8
16.50179	-1.60725E-8
16.52749	-1.61578E-8
16.55318	-1.62443E-8
16.57889	-1.6332E-8
16.6046	-1.62904E-8
16.63028	-1.61344E-8
16.65596	-1.64849E-8
16.6817	-1.70805E-8
16.70739	-1.71228E-8
16.73312	-1.61464E-8
16.75883	-1.61579E-8
16.78452	-1.61511E-8
16.81024	-1.61435E-8
16.83595	-1.71254E-8
16.86164	-1.71702E-8
16.88735	-1.71447E-8
16.91309	-1.71222E-8
16.93879	-1.63017E-8
16.96449	-1.61064E-8
16.99022	-1.61262E-8
17.01592	-1.61423E-8
17.04162	-1.7132E-8
17.06734	-1.71479E-8
17.09305	-1.62211E-8
17.11875	-1.63507E-8
17.14449	-1.71893E-8
17.17019	-1.71331E-8
17.19594	-1.61682E-8
17.22166	-1.6144E-8
17.24737	-1.61761E-8
17.2731	-1.62839E-8
17.29882	-1.61632E-8
17.32452	-1.60866E-8
17.35025	-1.61507E-8
17.37596	-1.61614E-8
17.40165	-1.7104E-8
17.4274	-1.61242E-8
17.45308	-1.64655E-8
17.4788	-1.71115E-8
17.50451	-1.70913E-8
17.53021	-1.71223E-8
17.55592	-1.70864E-8
17.58162	-1.60811E-8
17.60731	-1.60915E-8
17.63302	-1.60858E-8
17.65873	-1.71121E-8
17.68443	-1.69325E-8
17.71014	-1.612E-8
17.73586	-1.62265E-8
17.76154	-1.607E-8
17.78724	-1.60531E-8
17.81297	-1.60833E-8
17.83866	-1.60935E-8
17.86436	-1.61062E-8
17.89008	-1.62073E-8
17.91577	-1.6292E-8
17.94147	-1.63093E-8
17.96719	-1.63191E-8
17.99288	-1.62621E-8
18.01859	-1.65058E-8
18.04432	-1.61944E-8
18.07002	-1.61451E-8
18.09571	-1.61153E-8
18.12144	-1.65708E-8
18.14712	-1.6205E-8
18.17282	-1.61652E-8
18.19856	-1.61954E-8
18.22425	-1.61627E-8
18.24997	-1.6179E-8
18.27571	-1.61389E-8
18.30143	-1.62138E-8
18.32716	-1.61852E-8
18.35289	-1.61698E-8
18.37859	-1.65687E-8
18.40432	-1.71846E-8
18.43003	-1.6981E-8
18.45573	-1.69322E-8
18.48147	-1.69555E-8
18.50718	-1.62231E-8
18.53287	-1.68124E-8
18.55859	-1.69872E-8
18.58429	-1.71861E-8
18.60998	-1.70192E-8
18.6357	-1.69481E-8
18.66141	-1.69656E-8
18.68709	-1.6021E-8
18.71282	-1.5956E-8
18.73853	-1.61254E-8
18.76424	-1.61114E-8
18.78995	-1.61733E-8
18.81564	-1.71326E-8
18.84135	-1.71392E-8
18.86707	-1.64118E-8
18.89277	-1.59199E-8
18.91847	-1.59583E-8
18.94421	-1.5968E-8
18.96989	-1.59877E-8
18.99561	-1.59928E-8
19.02134	-1.60177E-8
19.04704	-1.59849E-8
19.07273	-1.59916E-8
19.09846	-1.60319E-8
19.12418	-1.59384E-8
19.14988	-1.59606E-8
19.17562	-1.59694E-8
19.20132	-1.61588E-8
19.22707	-1.60824E-8
19.25279	-1.61328E-8
19.27848	-1.62035E-8
19.30422	-1.71388E-8
19.32994	-1.72253E-8
19.35564	-1.72637E-8
19.38137	-1.722E-8
19.40707	-1.71939E-8
19.43276	-1.72464E-8
19.4585	-1.72519E-8
19.4842	-1.622E-8
19.50988	-1.62064E-8
19.53563	-1.61592E-8
19.56132	-1.61584E-8
19.58704	-1.61849E-8
19.61275	-1.61566E-8
19.63844	-1.61729E-8
19.66416	-1.61652E-8
19.68989	-1.61938E-8
19.71559	-1.62081E-8
19.74129	-1.61831E-8
19.76703	-1.62176E-8
19.79272	-1.61938E-8
19.81842	-1.61235E-8
19.84415	-1.61821E-8
19.86987	-1.61729E-8
19.89558	-1.61675E-8
19.92133	-1.61276E-8
19.94703	-1.61699E-8
19.97276	-1.62798E-8
19.99848	-1.61521E-8
20.0242	-1.61495E-8
20.04993	-1.60464E-8
20.07565	-1.59778E-8
20.10135	-1.59502E-8
20.12709	-1.5934E-8
20.15279	-1.59985E-8
20.1785	-1.59496E-8
20.20424	-1.5931E-8
20.22994	-1.59065E-8
20.25565	-1.60425E-8
20.28139	-1.6158E-8
20.30708	-1.61478E-8
20.33279	-1.6113E-8
20.35852	-1.63169E-8
20.38421	-1.64915E-8
20.40992	-1.60932E-8
20.43565	-1.61481E-8
20.46136	-1.6155E-8
20.48711	-1.67612E-8
20.51282	-1.71255E-8
20.53853	-1.6191E-8
20.56427	-1.6138E-8
20.58998	-1.61638E-8
20.61569	-1.69286E-8
20.64143	-1.71373E-8
20.66714	-1.62051E-8
20.69283	-1.61466E-8
20.71856	-1.59619E-8
20.74426	-1.60736E-8
20.76994	-1.60508E-8
20.79567	-1.58537E-8
20.82137	-1.5893E-8
20.84704	-1.58923E-8
20.87278	-1.5942E-8
20.89848	-1.59286E-8
20.92418	-1.68828E-8
20.94991	-1.69915E-8
20.97561	-1.69079E-8
21.00133	-1.59815E-8
21.02705	-1.59601E-8
21.05274	-1.59735E-8
21.07844	-1.59533E-8
21.10418	-1.61513E-8
21.12987	-1.61597E-8
21.15558	-1.61773E-8
21.1813	-1.61868E-8
21.207	-1.6164E-8
21.23271	-1.62423E-8
21.25845	-1.61924E-8
21.28416	-1.61736E-8
21.30988	-1.63922E-8
21.33561	-1.64167E-8
21.36133	-1.61238E-8
21.38704	-1.61071E-8
21.41276	-1.61384E-8
21.43847	-1.64481E-8
21.4642	-1.71753E-8
21.48991	-1.67944E-8
21.51561	-1.6506E-8
21.54135	-1.62204E-8
21.56707	-1.61896E-8
21.59277	-1.62055E-8
21.6185	-1.62434E-8
21.64419	-1.62577E-8
21.66991	-1.6213E-8
21.69564	-1.62091E-8
21.72134	-1.66345E-8
21.74704	-1.62412E-8
21.77278	-1.6157E-8
21.79847	-1.61984E-8
21.82417	-1.61708E-8
21.8499	-1.61788E-8
21.87559	-1.63484E-8
21.9013	-1.72266E-8
21.92703	-1.61559E-8
21.95274	-1.64439E-8
21.97844	-1.71201E-8
22.00419	-1.6274E-8
22.0299	-1.61667E-8
22.05562	-1.62927E-8
22.08134	-1.62751E-8
22.10707	-1.71761E-8
22.1328	-1.63377E-8
22.1585	-1.61965E-8
22.1842	-1.61549E-8
22.20995	-1.61576E-8
22.23565	-1.6661E-8
22.26135	-1.62144E-8
22.28709	-1.61054E-8
22.31279	-1.61744E-8
22.3385	-1.71472E-8
22.36425	-1.68866E-8
22.38994	-1.60692E-8
22.41565	-1.6114E-8
22.44137	-1.60963E-8
22.46707	-1.6153E-8
22.49277	-1.61392E-8
22.5185	-1.6121E-8
22.54421	-1.61257E-8
22.56992	-1.62021E-8
22.59566	-1.61035E-8
22.62137	-1.61269E-8
22.64709	-1.61016E-8
22.67282	-1.60866E-8
22.69852	-1.66639E-8
22.72426	-1.66769E-8
22.74998	-1.70975E-8
22.77569	-1.71587E-8
22.80144	-1.61662E-8
22.82714	-1.70502E-8
22.85281	-1.70631E-8
22.87853	-1.70555E-8
22.90422	-1.71058E-8
22.92992	-1.71372E-8
22.95566	-1.71182E-8
22.98135	-1.61833E-8
23.00708	-1.6072E-8
23.03278	-1.61096E-8
23.05846	-1.65464E-8
23.08413	-1.60705E-8
23.10988	-1.60861E-8
23.13558	-1.61342E-8
23.16129	-1.67113E-8
23.187	-1.60872E-8
23.21269	-1.60259E-8
23.2384	-1.6077E-8
23.26412	-1.60958E-8
23.2898	-1.61391E-8
23.31552	-1.60074E-8
23.34125	-1.61046E-8
23.36693	-1.6156E-8
23.39265	-1.68063E-8
23.41837	-1.71175E-8
23.44408	-1.71036E-8
23.46977	-1.60831E-8
23.4955	-1.60926E-8
23.5212	-1.60772E-8
23.54688	-1.60955E-8
23.5726	-1.69263E-8
23.5983	-1.62266E-8
23.624	-1.67067E-8
23.64975	-1.70694E-8
23.67546	-1.70912E-8
23.70119	-1.64494E-8
23.72692	-1.60628E-8
23.75263	-1.65057E-8
23.77837	-1.70741E-8
23.80407	-1.70955E-8
23.82979	-1.69983E-8
23.85552	-1.60677E-8
23.88123	-1.60923E-8
23.90692	-1.61296E-8
23.93265	-1.61381E-8
23.95834	-1.61356E-8
23.98403	-1.61312E-8
24.00976	-1.6079E-8
24.03546	-1.61248E-8
24.06115	-1.61112E-8
24.08689	-1.60866E-8
24.11258	-1.62004E-8
24.13826	-1.62774E-8
24.164	-1.61636E-8
24.1897	-1.71402E-8
24.21541	-1.71697E-8
24.24112	-1.62394E-8
24.26681	-1.61574E-8
24.29253	-1.61139E-8
24.31824	-1.61392E-8
24.34394	-1.61208E-8
24.36965	-1.61039E-8
24.39538	-1.60469E-8
24.42107	-1.5873E-8
24.44678	-1.58629E-8
24.47251	-1.59728E-8
24.49821	-1.6846E-8
24.52389	-1.71007E-8
24.54963	-1.61329E-8
24.57532	-1.70599E-8
24.60102	-1.61142E-8
24.62675	-1.62781E-8
24.65246	-1.7083E-8
24.67815	-1.61162E-8
24.70388	-1.60992E-8
24.72957	-1.60927E-8
24.75526	-1.6097E-8
24.781	-1.60556E-8
24.80669	-1.61539E-8
24.83241	-1.61607E-8
24.85813	-1.60946E-8
24.88384	-1.60652E-8
24.90957	-1.60947E-8
24.93529	-1.60969E-8
24.96099	-1.61035E-8
24.98671	-1.60842E-8
25.01241	-1.61045E-8
25.03811	-1.60973E-8
25.06385	-1.63767E-8
25.08956	-1.69902E-8
25.11525	-1.60826E-8
25.14097	-1.69962E-8
25.16667	-1.60596E-8
25.19236	-1.64529E-8
25.2181	-1.70867E-8
25.24379	-1.62988E-8
25.26948	-1.60539E-8
25.2952	-1.6087E-8
25.3209	-1.5917E-8
25.34661	-1.5904E-8
25.37234	-1.59492E-8
25.39804	-1.6144E-8
25.42375	-1.61427E-8
25.44947	-1.6141E-8
25.47516	-1.61554E-8
25.50087	-1.61908E-8
25.5266	-1.6105E-8
25.55229	-1.61343E-8
25.57799	-1.61265E-8
25.60371	-1.61419E-8
25.62939	-1.61324E-8
25.6551	-1.60255E-8
25.68084	-1.61014E-8
25.70654	-1.60934E-8
25.73223	-1.60817E-8
25.75795	-1.61253E-8
25.78364	-1.7028E-8
25.80935	-1.70427E-8
25.83507	-1.70923E-8
25.86076	-1.70939E-8
25.88647	-1.70483E-8
25.91222	-1.60779E-8
25.93791	-1.67088E-8
25.96365	-1.61522E-8
25.98938	-1.61511E-8
26.01508	-1.61121E-8
26.0408	-1.6113E-8
26.06651	-1.6142E-8
26.09221	-1.60821E-8
26.11795	-1.60505E-8
26.14364	-1.60449E-8
26.16936	-1.63981E-8
26.19508	-1.60789E-8
26.22078	-1.63831E-8
26.24648	-1.70624E-8
26.27221	-1.70604E-8
26.29791	-1.62243E-8
26.3236	-1.6106E-8
26.34934	-1.70293E-8
26.37504	-1.70722E-8
26.40074	-1.70383E-8
26.42646	-1.64051E-8
26.45216	-1.61212E-8
26.47786	-1.67707E-8
26.50357	-1.7067E-8
26.52926	-1.70715E-8
26.55497	-1.60723E-8
26.58067	-1.62154E-8
26.60637	-1.60796E-8
26.63208	-1.60918E-8
26.6578	-1.60812E-8
26.68348	-1.59505E-8
26.70919	-1.5864E-8
26.73492	-1.58964E-8
26.7606	-1.58394E-8
26.78632	-1.59113E-8
26.81205	-1.58868E-8
26.83775	-1.59185E-8
26.86345	-1.59046E-8
26.88917	-1.58795E-8
26.91488	-1.58883E-8
26.94058	-1.59007E-8
26.96631	-1.61577E-8
26.99201	-1.70516E-8
27.0177	-1.68407E-8
27.04345	-1.68637E-8
27.06915	-1.68334E-8
27.09488	-1.67831E-8
27.1206	-1.69098E-8
27.14631	-1.68735E-8
27.17203	-1.65957E-8
27.19774	-1.60512E-8
27.22345	-1.59192E-8
27.24918	-1.59199E-8
27.27489	-1.59847E-8
27.30059	-1.60774E-8
27.32631	-1.60505E-8
27.35201	-1.61154E-8
27.3777	-1.61536E-8
27.40346	-1.69393E-8
27.42914	-1.70788E-8
27.45482	-1.70994E-8
27.48057	-1.70499E-8
27.50627	-1.70651E-8
27.53198	-1.6659E-8
27.55769	-1.69915E-8
27.58338	-1.70472E-8
27.60909	-1.7034E-8
27.63482	-1.69988E-8
27.6605	-1.60702E-8
27.6862	-1.60291E-8
27.71193	-1.60733E-8
27.73764	-1.60832E-8
27.76335	-1.61031E-8
27.78906	-1.60766E-8
27.81475	-1.60574E-8
27.84047	-1.66197E-8
27.8662	-1.71349E-8
27.89189	-1.68139E-8
27.91759	-1.71116E-8
27.94332	-1.70986E-8
27.96902	-1.62954E-8
27.99472	-1.61128E-8
28.02046	-1.61025E-8
28.04616	-1.6113E-8
28.0719	-1.61495E-8
28.09763	-1.60935E-8
28.12334	-1.60472E-8
28.14908	-1.61747E-8
28.17477	-1.61141E-8
28.20048	-1.61366E-8
28.22621	-1.60708E-8
28.2519	-1.58701E-8
28.27761	-1.59044E-8
28.30334	-1.62128E-8
28.32905	-1.68522E-8
28.35473	-1.68773E-8
28.38048	-1.62221E-8
28.40618	-1.58851E-8
28.43189	-1.58487E-8
28.45759	-1.58583E-8
28.48328	-1.58841E-8
28.509	-1.59216E-8
28.5347	-1.59273E-8
28.5604	-1.5994E-8
28.58611	-1.60467E-8
28.61183	-1.58924E-8
28.63753	-1.58641E-8
28.66323	-1.58741E-8
28.68895	-1.58541E-8
28.71464	-1.58881E-8
28.74035	-1.6845E-8
28.76606	-1.68804E-8
28.79176	-1.66184E-8
28.81747	-1.58949E-8
28.8432	-1.59054E-8
28.86889	-1.68827E-8
28.89458	-1.60281E-8
28.92031	-1.59378E-8
28.94603	-1.58888E-8
28.97172	-1.58828E-8
28.99746	-1.60437E-8
29.02318	-1.68513E-8
29.04889	-1.68621E-8
29.07462	-1.68453E-8
29.10032	-1.68978E-8
29.12606	-1.71064E-8
29.15177	-1.70914E-8
29.17748	-1.7052E-8
29.20322	-1.71155E-8
29.22893	-1.61994E-8
29.25462	-1.70904E-8
29.28035	-1.70737E-8
29.30605	-1.60764E-8
29.33173	-1.61201E-8
29.35746	-1.60033E-8
29.38316	-1.58776E-8
29.40885	-1.58914E-8
29.43457	-1.58854E-8
29.46027	-1.60485E-8
29.48595	-1.61172E-8
29.51171	-1.60776E-8
29.53739	-1.6042E-8
29.5631	-1.67458E-8
29.58881	-1.70622E-8
29.6145	-1.702E-8
29.64021	-1.70147E-8
29.66592	-1.70171E-8
29.69161	-1.70476E-8
29.7173	-1.70042E-8
29.74303	-1.70013E-8
29.76872	-1.70035E-8
29.79443	-1.66551E-8
29.82014	-1.66822E-8
29.84583	-1.60501E-8
29.87154	-1.69764E-8
29.89727	-1.7054E-8
29.92295	-1.70234E-8
29.94865	-1.70699E-8
29.97437	-1.64681E-8
30.00006	-1.67925E-8
30.02577	-1.67941E-8
30.05149	-1.68004E-8
30.07719	-1.70366E-8
30.1029	-1.7085E-8
30.12861	-1.61515E-8
30.1543	-1.60874E-8
30.18002	-1.60382E-8
30.20575	-1.69967E-8
30.23144	-1.69972E-8
30.25713	-1.69983E-8
30.28287	-1.66804E-8
30.30858	-1.60421E-8
30.33429	-1.67106E-8
30.36002	-1.62923E-8
30.38572	-1.67316E-8
30.41145	-1.58618E-8
30.43717	-1.58204E-8
30.46288	-1.58103E-8
30.4886	-1.59206E-8
30.51431	-1.614E-8
30.54002	-1.60026E-8
30.56576	-1.60606E-8
30.59146	-1.60714E-8
30.61716	-1.60883E-8
30.64289	-1.61466E-8
30.6686	-1.7058E-8
30.69428	-1.71952E-8
30.72	-1.70472E-8
30.74571	-1.60766E-8
30.77139	-1.60964E-8
30.79713	-1.61169E-8
30.82283	-1.60797E-8
30.84855	-1.60489E-8
30.87428	-1.60824E-8
30.89996	-1.64063E-8
30.92566	-1.61029E-8
30.9514	-1.60734E-8
30.97708	-1.60761E-8
31.00277	-1.60572E-8
31.0285	-1.59442E-8
31.0542	-1.6087E-8
31.07991	-1.60227E-8
31.10564	-1.60158E-8
31.13133	-1.60334E-8
31.15704	-1.6088E-8
31.18276	-1.61807E-8
31.20847	-1.60741E-8
31.23417	-1.60582E-8
31.25989	-1.60954E-8
31.28559	-1.6319E-8
31.31128	-1.61469E-8
31.33703	-1.60491E-8
31.36275	-1.60908E-8
31.38848	-1.60572E-8
31.4142	-1.60547E-8
31.43991	-1.60349E-8
31.46563	-1.61155E-8
31.49133	-1.67442E-8
31.51705	-1.70986E-8
31.54278	-1.65441E-8
31.56848	-1.6985E-8
31.59418	-1.61525E-8
31.61991	-1.61121E-8
31.6456	-1.60849E-8
31.67129	-1.6162E-8
31.69702	-1.61591E-8
31.72272	-1.61534E-8
31.74841	-1.61932E-8
31.77415	-1.61807E-8
31.79985	-1.61154E-8
31.82556	-1.61399E-8
31.85128	-1.62138E-8
31.87697	-1.61583E-8
31.90268	-1.61727E-8
31.92841	-1.61403E-8
31.95411	-1.61613E-8
31.97983	-1.62182E-8
32.00557	-1.61387E-8
32.03126	-1.615E-8
32.05696	-1.61134E-8
32.08267	-1.70689E-8
32.10836	-1.71541E-8
32.13407	-1.68042E-8
32.15979	-1.61543E-8
32.1855	-1.6161E-8
32.21121	-1.67957E-8
32.23694	-1.71374E-8
32.26264	-1.71157E-8
32.28837	-1.61679E-8
32.3141	-1.61445E-8
32.33979	-1.61605E-8
32.36553	-1.69142E-8
32.39124	-1.71936E-8
32.41695	-1.71998E-8
32.4427	-1.71354E-8
32.46841	-1.65186E-8
32.49409	-1.61569E-8
32.51982	-1.61757E-8
32.54552	-1.61699E-8
32.57121	-1.62307E-8
32.59695	-1.67683E-8
32.62265	-1.71104E-8
32.64837	-1.70423E-8
32.67406	-1.61622E-8
32.69976	-1.63857E-8
32.72547	-1.71086E-8
32.75118	-1.71387E-8
32.77687	-1.67904E-8
32.80257	-1.61689E-8
32.82829	-1.61858E-8
32.854	-1.70703E-8
32.8797	-1.61815E-8
32.90542	-1.61877E-8
32.93111	-1.61521E-8
32.95683	-1.61825E-8
32.98256	-1.61704E-8
33.00826	-1.61481E-8
33.03397	-1.61385E-8
33.0597	-1.61512E-8
33.0854	-1.61358E-8
33.1111	-1.61403E-8
33.13685	-1.60413E-8
33.16257	-1.60159E-8
33.18829	-1.60773E-8
33.21401	-1.6062E-8
33.23971	-1.69559E-8
33.26545	-1.60886E-8
33.29116	-1.60765E-8
33.31686	-1.60663E-8
33.3426	-1.62414E-8
33.36831	-1.70668E-8
33.394	-1.62239E-8
33.41974	-1.60775E-8
33.44543	-1.60831E-8
33.47111	-1.60883E-8
33.49686	-1.68205E-8
33.52254	-1.62196E-8
33.54827	-1.71034E-8
33.57397	-1.70921E-8
33.59966	-1.68868E-8
33.62537	-1.60489E-8
33.6511	-1.60967E-8
33.67678	-1.61127E-8
33.70249	-1.70296E-8
33.7282	-1.70652E-8
33.75388	-1.62846E-8
33.77959	-1.61628E-8
33.80532	-1.60784E-8
33.83103	-1.60782E-8
33.85674	-1.60707E-8
33.88247	-1.6181E-8
33.90816	-1.6117E-8
33.93386	-1.62516E-8
33.95959	-1.60633E-8
33.98528	-1.60834E-8
34.01099	-1.6128E-8
34.03671	-1.6058E-8
34.06239	-1.67027E-8
34.0881	-1.60896E-8
34.11383	-1.60907E-8
34.13953	-1.61311E-8
34.16525	-1.70767E-8
34.19098	-1.71328E-8
34.2167	-1.61734E-8
34.24242	-1.61283E-8
34.26814	-1.7082E-8
34.29384	-1.70648E-8
34.31957	-1.65209E-8
34.34528	-1.64294E-8
34.37099	-1.60744E-8
34.39672	-1.70884E-8
34.42242	-1.63938E-8
34.44812	-1.60736E-8
34.47385	-1.60765E-8
34.49955	-1.60481E-8
34.52523	-1.60483E-8
34.55097	-1.60509E-8
34.57666	-1.6092E-8
34.60234	-1.61095E-8
34.62806	-1.60839E-8
34.65376	-1.68631E-8
34.67948	-1.67474E-8
34.7052	-1.60831E-8
34.73089	-1.60944E-8
34.7566	-1.60887E-8
34.78233	-1.62526E-8
34.80801	-1.65021E-8
34.83373	-1.60584E-8
34.85945	-1.71713E-8
34.88515	-1.65431E-8
34.91085	-1.61315E-8
34.93657	-1.61211E-8
34.96227	-1.61034E-8
34.98796	-1.62731E-8
35.01369	-1.66934E-8
35.0394	-1.67932E-8
35.06508	-1.71008E-8
35.0908	-1.63928E-8
35.11651	-1.62752E-8
35.14223	-1.70418E-8
35.16797	-1.70861E-8
35.19368	-1.60846E-8
35.21941	-1.70839E-8
35.24514	-1.61824E-8
35.27083	-1.60569E-8
35.29656	-1.6323E-8
35.32226	-1.61449E-8
35.34796	-1.61254E-8
35.37369	-1.60885E-8
35.3994	-1.60835E-8
35.42511	-1.61066E-8
35.45084	-1.65603E-8
35.47656	-1.6123E-8
35.50224	-1.69545E-8
35.52799	-1.70422E-8
35.55369	-1.69064E-8
35.5794	-1.59977E-8
35.60511	-1.66082E-8
35.6308	-1.58975E-8
35.65651	-1.58834E-8
35.68223	-1.66897E-8
35.70792	-1.69536E-8
35.73363	-1.62084E-8
35.75935	-1.70832E-8
35.78504	-1.70489E-8
35.81075	-1.69949E-8
35.83646	-1.69896E-8
35.86216	-1.70064E-8
35.88786	-1.60019E-8
35.91359	-1.60663E-8
35.93929	-1.6017E-8
35.96499	-1.6602E-8
35.99071	-1.70406E-8
36.0164	-1.69541E-8
36.04211	-1.59841E-8
36.06785	-1.66923E-8
36.09357	-1.6507E-8
36.11927	-1.61743E-8
36.145	-1.62338E-8
36.17073	-1.59759E-8
36.19646	-1.59137E-8
36.22216	-1.58698E-8
36.24788	-1.58702E-8
36.27361	-1.58219E-8
36.2993	-1.58267E-8
36.325	-1.58538E-8
36.35073	-1.58335E-8
36.37644	-1.59026E-8
36.40214	-1.58527E-8
36.42786	-1.60422E-8
36.45357	-1.60029E-8
36.47926	-1.60035E-8
36.505	-1.60076E-8
36.5307	-1.60119E-8
36.55641	-1.60296E-8
36.58215	-1.60016E-8
36.60784	-1.69726E-8
36.63356	-1.70231E-8
36.65927	-1.69988E-8
36.68496	-1.69383E-8
36.71066	-1.59945E-8
36.7364	-1.60179E-8
36.7621	-1.60468E-8
36.78781	-1.68022E-8
36.81353	-1.60033E-8
36.83924	-1.62637E-8
36.86493	-1.60029E-8
36.89067	-1.59764E-8
36.91638	-1.59891E-8
36.94211	-1.59881E-8
36.96784	-1.60273E-8
36.99355	-1.60293E-8
37.01928	-1.59909E-8
37.045	-1.60064E-8
37.07071	-1.60101E-8
37.09645	-1.60672E-8
37.12215	-1.6051E-8
37.14783	-1.6081E-8
37.17358	-1.60933E-8
37.19927	-1.60911E-8
37.22498	-1.60996E-8
37.2507	-1.64501E-8
37.27639	-1.61068E-8
37.3021	-1.61263E-8
37.32782	-1.60842E-8
37.3535	-1.60557E-8
37.37921	-1.60458E-8
37.40492	-1.61165E-8
37.43061	-1.61108E-8
37.4563	-1.70997E-8
37.48202	-1.70857E-8
37.50771	-1.70796E-8
37.53342	-1.60684E-8
37.55914	-1.60758E-8
37.58484	-1.60787E-8
37.61053	-1.69063E-8
37.63625	-1.70447E-8
37.66196	-1.63691E-8
37.68767	-1.60461E-8
37.7134	-1.60281E-8
37.73911	-1.60868E-8
37.7648	-1.60066E-8
37.79052	-1.61867E-8
37.81623	-1.60528E-8
37.84191	-1.61601E-8
37.86765	-1.6956E-8
37.89336	-1.60071E-8
37.91908	-1.60506E-8
37.94481	-1.59961E-8
37.97053	-1.68399E-8
37.99625	-1.70785E-8
38.02196	-1.69311E-8
38.04768	-1.62067E-8
38.07342	-1.61024E-8
38.09913	-1.60891E-8
38.12483	-1.6119E-8
38.15055	-1.64117E-8
38.17627	-1.65097E-8
38.20195	-1.6175E-8
38.22769	-1.64246E-8
38.25339	-1.70465E-8
38.27906	-1.70916E-8
38.30482	-1.7103E-8
38.33051	-1.64609E-8
38.35623	-1.69545E-8
38.38197	-1.65644E-8
38.40764	-1.6089E-8
38.43334	-1.61002E-8
38.45907	-1.60848E-8
38.48477	-1.60945E-8
38.51048	-1.61076E-8
38.5362	-1.60607E-8
38.56189	-1.60912E-8
38.5876	-1.62613E-8
38.61332	-1.70648E-8
38.63901	-1.7119E-8
38.66471	-1.608E-8
38.69043	-1.63942E-8
38.71613	-1.62375E-8
38.74184	-1.70394E-8
38.76757	-1.69401E-8
38.79328	-1.62977E-8
38.81899	-1.61415E-8
38.84472	-1.61191E-8
38.87043	-1.60949E-8
38.89614	-1.64977E-8
38.92186	-1.68536E-8
38.94758	-1.6328E-8
38.9733	-1.61433E-8
38.999	-1.6127E-8
39.02471	-1.61554E-8
39.05043	-1.61551E-8
39.07613	-1.61264E-8
39.10183	-1.70892E-8
39.12756	-1.61289E-8
39.15328	-1.60873E-8
39.17896	-1.61872E-8
39.20472	-1.61311E-8
39.23042	-1.71171E-8
39.25613	-1.7113E-8
39.28185	-1.6586E-8
39.30754	-1.60657E-8
39.33324	-1.61206E-8
39.35896	-1.66878E-8
39.38465	-1.70837E-8
39.41034	-1.60798E-8
39.43605	-1.61494E-8
39.46175	-1.61446E-8
39.48744	-1.64913E-8
39.51316	-1.63565E-8
39.53885	-1.70396E-8
39.56456	-1.70772E-8
39.59029	-1.61621E-8
39.61599	-1.61339E-8
39.6417	-1.67163E-8
39.66743	-1.70357E-8
39.69313	-1.70709E-8
39.71883	-1.70106E-8
39.74455	-1.69747E-8
39.77024	-1.70697E-8
39.79594	-1.70873E-8
39.82167	-1.60096E-8
39.84737	-1.62279E-8
39.87307	-1.60615E-8
39.89882	-1.6086E-8
39.92452	-1.60793E-8
39.95025	-1.61336E-8
39.97598	-1.62117E-8
40.00169	-1.64108E-8
40.02744	-1.60717E-8
40.05314	-1.60662E-8
40.07885	-1.61154E-8
40.10458	-1.70211E-8
40.13029	-1.60895E-8
40.15598	-1.60645E-8
40.1817	-1.60757E-8
40.20741	-1.67814E-8
40.23308	-1.61426E-8
40.25881	-1.60671E-8
40.28451	-1.60861E-8
40.3102	-1.60505E-8
40.33592	-1.64807E-8
40.36163	-1.70763E-8
40.3873	-1.70527E-8
40.41302	-1.69462E-8
40.43872	-1.62788E-8
40.46442	-1.59197E-8
40.49017	-1.58969E-8
40.51585	-1.58711E-8
40.54156	-1.58917E-8
40.56728	-1.59015E-8
40.59298	-1.58479E-8
40.61868	-1.58998E-8
40.64441	-1.58527E-8
40.67009	-1.644E-8
40.69581	-1.65263E-8
40.72153	-1.68116E-8
40.74722	-1.61019E-8
40.77292	-1.61069E-8
40.79865	-1.60862E-8
40.82433	-1.6063E-8
40.85002	-1.6092E-8
40.87574	-1.61318E-8
40.90142	-1.61002E-8
40.92714	-1.608E-8
40.95285	-1.60729E-8
40.97855	-1.60754E-8
41.00425	-1.70031E-8
41.02998	-1.62342E-8
41.05568	-1.6411E-8
41.08138	-1.70702E-8
41.1071	-1.70515E-8
41.13279	-1.60874E-8
41.15848	-1.70594E-8
41.1842	-1.68839E-8
41.20989	-1.70794E-8
41.23558	-1.70951E-8
41.26132	-1.7099E-8
41.28702	-1.70564E-8
41.31273	-1.6932E-8
41.33847	-1.60395E-8
41.36418	-1.60812E-8
41.3899	-1.69359E-8
41.41562	-1.70528E-8
41.44132	-1.61485E-8
41.46703	-1.60657E-8
41.49274	-1.60627E-8
41.51846	-1.60641E-8
41.5442	-1.60504E-8
41.5699	-1.60956E-8
41.5956	-1.60696E-8
41.62133	-1.61464E-8
41.64703	-1.70385E-8
41.67272	-1.60859E-8
41.69846	-1.61075E-8
41.72416	-1.63025E-8
41.74984	-1.70914E-8
41.77559	-1.71278E-8
41.80129	-1.71005E-8
41.827	-1.61287E-8
41.85273	-1.65967E-8
41.87841	-1.61422E-8
41.90411	-1.61336E-8
41.92984	-1.61382E-8
41.95552	-1.65892E-8
41.98122	-1.61374E-8
42.00694	-1.60376E-8
42.03262	-1.67253E-8
42.05833	-1.63132E-8
42.08405	-1.61225E-8
42.10973	-1.69065E-8
42.13544	-1.63753E-8
42.16117	-1.61505E-8
42.18687	-1.61344E-8
42.21257	-1.61109E-8
42.23828	-1.71018E-8
42.26399	-1.69104E-8
42.2897	-1.61084E-8
42.31541	-1.61463E-8
42.34111	-1.63269E-8
42.36681	-1.60786E-8
42.39253	-1.61153E-8
42.41822	-1.61158E-8
42.44392	-1.61065E-8
42.46966	-1.60756E-8
42.49537	-1.61222E-8
42.52107	-1.61356E-8
42.54681	-1.61678E-8
42.57253	-1.62198E-8
42.59825	-1.63038E-8
42.62397	-1.6125E-8
42.64966	-1.5971E-8
42.6754	-1.59452E-8
42.70111	-1.59265E-8
42.72681	-1.59324E-8
42.75256	-1.67407E-8
42.77826	-1.69294E-8
42.80396	-1.69364E-8
42.82971	-1.69259E-8
42.85541	-1.69054E-8
42.88113	-1.69308E-8
42.90686	-1.69016E-8
42.93256	-1.67263E-8
42.95826	-1.59087E-8
42.98398	-1.59609E-8
43.00967	-1.5905E-8
43.03539	-1.58982E-8
43.06112	-1.59312E-8
43.08681	-1.58963E-8
43.11254	-1.59057E-8
43.13825	-1.59583E-8
43.16396	-1.59541E-8
43.18968	-1.68596E-8
43.2154	-1.60276E-8
43.24112	-1.59188E-8
43.26684	-1.62474E-8
43.29256	-1.59129E-8
43.31827	-1.60463E-8
43.34401	-1.60084E-8
43.36971	-1.63901E-8
43.39543	-1.59152E-8
43.42117	-1.58978E-8
43.44686	-1.59185E-8
43.47256	-1.5977E-8
43.4983	-1.5929E-8
43.52399	-1.59611E-8
43.54971	-1.59526E-8
43.57542	-1.59608E-8
43.60112	-1.59584E-8
43.62683	-1.59755E-8
43.65255	-1.69238E-8
43.67826	-1.6944E-8
43.70397	-1.69301E-8
43.72971	-1.68313E-8
43.75541	-1.5927E-8
43.78111	-1.59175E-8
43.80684	-1.59438E-8
43.83255	-1.6592E-8
43.85826	-1.67371E-8
43.88399	-1.58659E-8
43.90969	-1.58939E-8
43.9354	-1.58623E-8
43.96114	-1.58841E-8
43.98684	-1.59169E-8
44.01257	-1.58945E-8
44.03828	-1.58874E-8
44.06398	-1.68055E-8
44.08971	-1.59391E-8
44.11543	-1.66507E-8
44.14113	-1.68832E-8
44.16688	-1.66099E-8
44.19257	-1.62304E-8
44.21825	-1.58944E-8
44.24399	-1.5966E-8
44.26969	-1.60496E-8
44.29539	-1.58979E-8
44.32111	-1.58591E-8
44.3468	-1.59284E-8
44.3725	-1.59371E-8
44.39823	-1.59317E-8
44.42391	-1.58514E-8
44.44962	-1.61427E-8
44.47534	-1.65511E-8
44.50103	-1.65922E-8
44.52674	-1.60448E-8
44.55247	-1.66081E-8
44.57818	-1.58942E-8
44.60388	-1.58717E-8
44.62961	-1.58757E-8
44.65529	-1.68206E-8
44.681	-1.62728E-8
44.70672	-1.68611E-8
44.73242	-1.59334E-8
44.75811	-1.59069E-8
44.78383	-1.58903E-8
44.80952	-1.63959E-8
44.83522	-1.67809E-8
44.86095	-1.59016E-8
44.88664	-1.58784E-8
44.91234	-1.58818E-8
44.93807	-1.61007E-8
44.96377	-1.60861E-8
44.98949	-1.70073E-8
45.01521	-1.68978E-8
45.04094	-1.58977E-8
45.06665	-1.5906E-8
45.09236	-1.68578E-8
45.11808	-1.60246E-8
45.14381	-1.58992E-8
45.16951	-1.58764E-8
45.19521	-1.58496E-8
45.22095	-1.58268E-8
45.24665	-1.61864E-8
45.27235	-1.68641E-8
45.29811	-1.68613E-8
45.32381	-1.68341E-8
45.34951	-1.68498E-8
45.37523	-1.58656E-8
45.40091	-1.57926E-8
45.42662	-1.57929E-8
45.45235	-1.67599E-8
45.47805	-1.66536E-8
45.50376	-1.58194E-8
45.52948	-1.57854E-8
45.55518	-1.57991E-8
45.58089	-1.58146E-8
45.60662	-1.58487E-8
45.63231	-1.582E-8
45.658	-1.58727E-8
45.68373	-1.57835E-8
45.70943	-1.60447E-8
45.73514	-1.64789E-8
45.76089	-1.60372E-8
45.7866	-1.60769E-8
45.81234	-1.60262E-8
45.83806	-1.60078E-8
45.86376	-1.61504E-8
45.88949	-1.70518E-8
45.91519	-1.70414E-8
45.9409	-1.64116E-8
45.96663	-1.60298E-8
45.99232	-1.60688E-8
46.01802	-1.64437E-8
46.04376	-1.58205E-8
46.06945	-1.58415E-8
46.09516	-1.58084E-8
46.1209	-1.58104E-8
46.1466	-1.65942E-8
46.17227	-1.58308E-8
46.19799	-1.5875E-8
46.22369	-1.5796E-8
46.24937	-1.57971E-8
46.27512	-1.58313E-8
46.30082	-1.58362E-8
46.32652	-1.57937E-8
46.35224	-1.57968E-8
46.37794	-1.58417E-8
46.40364	-1.58204E-8
46.42936	-1.59412E-8
46.45505	-1.68294E-8
46.48074	-1.68287E-8
46.50647	-1.62143E-8
46.53217	-1.67294E-8
46.55789	-1.58353E-8
46.58362	-1.57849E-8
46.60931	-1.57984E-8
46.63502	-1.57893E-8
46.66077	-1.57926E-8
46.68647	-1.5798E-8
46.71219	-1.58487E-8
46.73791	-1.58092E-8
46.76361	-1.58775E-8
46.78934	-1.60597E-8
46.81505	-1.60275E-8
46.84076	-1.6062E-8
46.86647	-1.60224E-8
46.89219	-1.59853E-8
46.9179	-1.60145E-8
46.94363	-1.60073E-8
46.96934	-1.60428E-8
46.99504	-1.60308E-8
47.02079	-1.60536E-8
47.04649	-1.62613E-8
47.07217	-1.70488E-8
47.09793	-1.68504E-8
47.12362	-1.59825E-8
47.14932	-1.60185E-8
47.17504	-1.6004E-8
47.20072	-1.60639E-8
47.22644	-1.60422E-8
47.25216	-1.60439E-8
47.27787	-1.66977E-8
47.30357	-1.60272E-8
47.32928	-1.60019E-8
47.35498	-1.6E-8
47.3807	-1.60095E-8
47.40642	-1.69088E-8
47.43213	-1.6008E-8
47.45782	-1.60424E-8
47.48356	-1.60497E-8
47.50927	-1.60591E-8
47.53499	-1.60262E-8
47.56072	-1.60422E-8
47.58644	-1.60222E-8
47.61216	-1.6015E-8
47.63788	-1.61254E-8
47.66358	-1.60697E-8
47.6893	-1.60249E-8
47.715	-1.60564E-8
47.74072	-1.60402E-8
47.76644	-1.60829E-8
47.79214	-1.6046E-8
47.81784	-1.60924E-8
47.84358	-1.68227E-8
47.86927	-1.60459E-8
47.89497	-1.60705E-8
47.92072	-1.60563E-8
47.94641	-1.60848E-8
47.97212	-1.60787E-8
47.99784	-1.60728E-8
48.02353	-1.60522E-8
48.04923	-1.6022E-8
48.07495	-1.63286E-8
48.10064	-1.64484E-8
48.12634	-1.65172E-8
48.15206	-1.60852E-8
48.17774	-1.60644E-8
48.20341	-1.60595E-8
48.22914	-1.59934E-8
48.25484	-1.5878E-8
48.28055	-1.5814E-8
48.30627	-1.58559E-8
48.33195	-1.64871E-8
48.35768	-1.67192E-8
48.38341	-1.61347E-8
48.4091	-1.63956E-8
48.43481	-1.58357E-8
48.46052	-1.58024E-8
48.48621	-1.58319E-8
48.5119	-1.58442E-8
48.53762	-1.58742E-8
48.56333	-1.58701E-8
48.58904	-1.58978E-8
48.61475	-1.58577E-8
48.64043	-1.58803E-8
48.66615	-1.58991E-8
48.69186	-1.62482E-8
48.71755	-1.68679E-8
48.74326	-1.68661E-8
48.76899	-1.5899E-8
48.79467	-1.58462E-8
48.82037	-1.593E-8
48.84611	-1.6104E-8
48.87181	-1.70639E-8
48.89753	-1.70621E-8
48.92326	-1.70496E-8
48.94896	-1.70457E-8
48.97469	-1.70261E-8
49.0004	-1.70852E-8
49.0261	-1.68858E-8
49.05182	-1.60862E-8
49.07753	-1.68075E-8
49.10322	-1.70985E-8
49.12895	-1.70752E-8
49.15465	-1.64824E-8
49.18036	-1.60709E-8
49.20608	-1.61247E-8
49.23178	-1.60422E-8
49.2575	-1.60571E-8
49.28323	-1.60331E-8
49.30894	-1.60743E-8
49.33463	-1.64735E-8
49.36037	-1.68056E-8
49.38607	-1.60563E-8
49.41178	-1.69262E-8
49.43751	-1.65558E-8
49.4632	-1.61219E-8
49.48891	-1.60968E-8
49.51462	-1.60818E-8
49.54031	-1.60231E-8
49.56603	-1.64882E-8
49.59177	-1.60252E-8
49.61747	-1.60246E-8
49.64317	-1.60276E-8
49.66889	-1.60263E-8
49.69459	-1.60709E-8
49.72027	-1.60588E-8
49.74601	-1.69944E-8
49.77172	-1.70502E-8
49.79741	-1.70821E-8
49.82316	-1.70311E-8
49.84886	-1.7046E-8
49.8746	-1.60377E-8
49.90032	-1.60192E-8
49.92603	-1.6081E-8
49.95177	-1.60715E-8
49.97748	-1.60318E-8
50.00319	-1.66447E-8
50.02893	-1.70871E-8
50.05464	-1.71018E-8
50.08034	-1.70878E-8
50.10606	-1.70963E-8
50.13176	-1.7057E-8
50.15744	-1.7119E-8
50.18317	-1.71224E-8
50.20887	-1.70943E-8
50.23459	-1.71261E-8
50.26031	-1.71792E-8
50.28602	-1.71002E-8
50.31173	-1.61488E-8
50.33744	-1.60741E-8
50.36314	-1.6049E-8
50.38885	-1.60668E-8
50.41459	-1.61305E-8
50.44027	-1.62297E-8
50.46599	-1.61952E-8
50.49171	-1.70668E-8
50.51743	-1.64296E-8
50.54314	-1.60809E-8
50.56887	-1.60873E-8
50.59458	-1.68886E-8
50.62032	-1.68595E-8
50.64602	-1.59542E-8
50.67173	-1.61031E-8
50.69746	-1.60735E-8
50.72315	-1.60867E-8
50.74886	-1.60874E-8
50.77459	-1.66114E-8
50.80029	-1.60872E-8
50.826	-1.60792E-8
50.85172	-1.6075E-8
50.87742	-1.66194E-8
50.90311	-1.60446E-8
50.92886	-1.60584E-8
50.95454	-1.60442E-8
50.98023	-1.60274E-8
51.00595	-1.6759E-8
51.03165	-1.63152E-8
51.05733	-1.7099E-8
51.08308	-1.71067E-8
51.10878	-1.70703E-8
51.13448	-1.60516E-8
51.1602	-1.58135E-8
51.18589	-1.58259E-8
51.2116	-1.58521E-8
51.23732	-1.58351E-8
51.26302	-1.59242E-8
51.28872	-1.70061E-8
51.31444	-1.70708E-8
51.34011	-1.70782E-8
51.36583	-1.70645E-8
51.39154	-1.70739E-8
51.41723	-1.70105E-8
51.44292	-1.71365E-8
51.46865	-1.64573E-8
51.49436	-1.6114E-8
51.52006	-1.70556E-8
51.54577	-1.70366E-8
51.57146	-1.60631E-8
51.59717	-1.60773E-8
51.62288	-1.60742E-8
51.64857	-1.60645E-8
51.67427	-1.60643E-8
51.69998	-1.61013E-8
51.72567	-1.60777E-8
51.75137	-1.6055E-8
51.7771	-1.61239E-8
51.80278	-1.60644E-8
51.82848	-1.60706E-8
51.85421	-1.61059E-8
51.87989	-1.61255E-8
51.9056	-1.58933E-8
51.93133	-1.59202E-8
51.95702	-1.5966E-8
51.98273	-1.59212E-8
52.00847	-1.59002E-8
52.03415	-1.67708E-8
52.05986	-1.68603E-8
52.08561	-1.68568E-8
52.11131	-1.70828E-8
52.13703	-1.7034E-8
52.16275	-1.69504E-8
52.18846	-1.61778E-8
52.21418	-1.68307E-8
52.23989	-1.60622E-8
52.26559	-1.60936E-8
52.29132	-1.60621E-8
52.31702	-1.60224E-8
52.34273	-1.60002E-8
52.36845	-1.70275E-8
52.39416	-1.70638E-8
52.41986	-1.70237E-8
52.44559	-1.60597E-8
52.47129	-1.68319E-8
52.49698	-1.7054E-8
52.5227	-1.70723E-8
52.5484	-1.66181E-8
52.57409	-1.60909E-8
52.59982	-1.60772E-8
52.62551	-1.60693E-8
52.65121	-1.60933E-8
52.67693	-1.60866E-8
52.70262	-1.69572E-8
52.72831	-1.7067E-8
52.75403	-1.70563E-8
52.77974	-1.70454E-8
52.80542	-1.69923E-8
52.83114	-1.60832E-8
52.85684	-1.60942E-8
52.88252	-1.60511E-8
52.90825	-1.60595E-8
52.93395	-1.61846E-8
52.95966	-1.6078E-8
52.98539	-1.60595E-8
53.01107	-1.60594E-8
53.03677	-1.68999E-8
53.06249	-1.60964E-8
53.08819	-1.60591E-8
53.11388	-1.61079E-8
53.13961	-1.60885E-8
53.16531	-1.60917E-8
53.191	-1.60874E-8
53.21673	-1.60783E-8
53.24243	-1.60964E-8
53.26814	-1.60766E-8
53.29386	-1.60498E-8
53.31955	-1.6046E-8
53.34527	-1.60711E-8
53.37099	-1.60712E-8
53.39668	-1.60395E-8
53.42238	-1.63981E-8
53.4481	-1.66946E-8
53.4738	-1.60625E-8
53.4995	-1.70169E-8
53.52523	-1.70347E-8
53.55091	-1.6349E-8
53.5766	-1.5913E-8
53.60234	-1.58239E-8
53.62804	-1.58183E-8
53.65376	-1.58761E-8
53.67949	-1.58408E-8
53.70517	-1.58571E-8
53.73091	-1.58466E-8
53.75663	-1.58391E-8
53.78233	-1.58788E-8
53.80806	-1.58544E-8
53.83377	-1.58621E-8
53.85948	-1.58266E-8
53.88519	-1.62899E-8
53.9109	-1.68527E-8
53.9366	-1.67661E-8
53.96234	-1.68005E-8
53.98804	-1.68251E-8
54.01374	-1.68047E-8
54.03946	-1.59814E-8
54.06517	-1.61873E-8
54.09087	-1.70493E-8
54.1166	-1.68637E-8
54.1423	-1.60892E-8
54.16798	-1.60332E-8
54.19372	-1.60241E-8
54.21941	-1.70337E-8
54.24511	-1.64459E-8
54.27083	-1.60158E-8
54.29653	-1.60144E-8
54.32223	-1.60222E-8
54.34795	-1.60273E-8
54.37363	-1.60615E-8
54.39935	-1.59795E-8
54.42506	-1.60434E-8
54.45076	-1.66294E-8
54.47646	-1.66777E-8
54.50219	-1.60583E-8
54.52788	-1.6071E-8
54.55358	-1.60675E-8
54.5793	-1.60532E-8
54.605	-1.60518E-8
54.6307	-1.60575E-8
54.65644	-1.60551E-8
54.68214	-1.69042E-8
54.70786	-1.60908E-8
54.7336	-1.60624E-8
54.7593	-1.60803E-8
54.78503	-1.60617E-8
54.81074	-1.60947E-8
54.83645	-1.61528E-8
54.86219	-1.6075E-8
54.88789	-1.60909E-8
54.91359	-1.60103E-8
54.93934	-1.70024E-8
54.96503	-1.70156E-8
54.99073	-1.70385E-8
55.01646	-1.70577E-8
55.04217	-1.64935E-8
55.06788	-1.60196E-8
55.09361	-1.60185E-8
55.1193	-1.58054E-8
55.14501	-1.61248E-8
55.17074	-1.64821E-8
55.19642	-1.5966E-8
55.22214	-1.60578E-8
55.24785	-1.6039E-8
55.27354	-1.60368E-8
55.29925	-1.60192E-8
55.32498	-1.60276E-8
55.35067	-1.70862E-8
55.37639	-1.68568E-8
55.40211	-1.61059E-8
55.4278	-1.62103E-8
55.45352	-1.65186E-8
55.47925	-1.58394E-8
55.50493	-1.57618E-8
55.53064	-1.58182E-8
55.55637	-1.58623E-8
55.58208	-1.584E-8
55.60778	-1.58538E-8
55.6335	-1.58384E-8
55.65919	-1.68302E-8
55.68493	-1.59361E-8
55.71065	-1.58948E-8
55.73636	-1.67152E-8
55.7621	-1.58884E-8
55.78781	-1.62089E-8
55.81352	-1.68427E-8
55.83926	-1.68447E-8
55.86495	-1.59629E-8
55.89065	-1.6461E-8
55.91639	-1.58829E-8
55.94209	-1.58646E-8
55.96777	-1.58726E-8
55.99352	-1.60308E-8
56.01921	-1.6123E-8
56.04491	-1.62176E-8
56.07064	-1.61785E-8
56.09633	-1.60505E-8
56.12203	-1.60311E-8
56.14775	-1.60786E-8
56.17343	-1.60441E-8
56.19914	-1.60649E-8
56.22486	-1.60394E-8
56.25055	-1.60688E-8
56.27626	-1.60554E-8
56.30198	-1.60593E-8
56.32766	-1.70281E-8
56.35336	-1.70799E-8
56.37907	-1.70655E-8
56.40477	-1.71037E-8
56.43048	-1.61241E-8
56.45619	-1.60164E-8
56.48189	-1.60602E-8
56.5076	-1.60566E-8
56.53331	-1.60201E-8
56.55901	-1.70632E-8
56.58471	-1.7086E-8
56.61043	-1.71222E-8
56.63613	-1.71242E-8
56.66183	-1.71213E-8
56.68756	-1.68727E-8
56.71327	-1.70678E-8
56.73897	-1.70592E-8
56.76469	-1.70826E-8
56.79037	-1.70831E-8
56.81606	-1.68886E-8
56.8418	-1.60603E-8
56.8675	-1.60724E-8
56.89322	-1.6068E-8
56.91895	-1.6076E-8
56.94464	-1.70394E-8
56.97037	-1.71259E-8
56.99609	-1.71093E-8
57.0218	-1.61021E-8
57.04752	-1.60984E-8
57.07322	-1.60361E-8
57.09893	-1.60592E-8
57.12466	-1.60696E-8
57.15035	-1.60794E-8
57.17606	-1.60951E-8
57.20181	-1.65843E-8
57.22751	-1.70483E-8
57.2532	-1.60662E-8
57.27893	-1.61815E-8
57.30464	-1.60832E-8
57.33034	-1.60597E-8
57.35606	-1.60581E-8
57.38175	-1.61639E-8
57.40747	-1.60579E-8
57.43319	-1.60727E-8
57.45887	-1.6045E-8
57.48458	-1.70822E-8
57.51031	-1.6295E-8
57.53601	-1.60837E-8
57.5617	-1.60811E-8
57.58741	-1.60124E-8
57.61311	-1.60126E-8
57.63882	-1.60745E-8
57.66455	-1.60349E-8
57.69024	-1.7054E-8
57.71593	-1.69163E-8
57.74165	-1.60874E-8
57.76735	-1.61053E-8
57.79306	-1.63763E-8
57.81878	-1.70848E-8
57.84448	-1.71254E-8
57.87018	-1.61167E-8
57.89592	-1.60501E-8
57.92161	-1.60932E-8
57.94731	-1.60758E-8
57.97306	-1.6062E-8
57.99876	-1.6763E-8
58.02449	-1.60973E-8
58.05021	-1.60306E-8
58.07591	-1.60492E-8
58.10163	-1.60523E-8
58.12734	-1.60725E-8
58.15303	-1.6022E-8
58.17879	-1.60583E-8
58.20449	-1.6638E-8
58.23021	-1.70618E-8
58.25593	-1.70491E-8
58.28163	-1.7044E-8
58.30732	-1.70688E-8
58.33306	-1.61154E-8
58.35876	-1.60738E-8
58.38444	-1.60098E-8
58.41018	-1.60136E-8
58.43587	-1.60821E-8
58.46158	-1.63029E-8
58.48731	-1.60398E-8
58.513	-1.608E-8
58.53871	-1.6033E-8
58.56443	-1.60093E-8
58.59012	-1.6019E-8
58.61584	-1.60562E-8
58.64156	-1.702E-8
58.66726	-1.70812E-8
58.69296	-1.70434E-8
58.71869	-1.70736E-8
58.74437	-1.70966E-8
58.77008	-1.70397E-8
58.79582	-1.694E-8
58.82153	-1.58056E-8
58.84724	-1.59081E-8
58.87295	-1.5984E-8
58.89867	-1.61662E-8
58.9244	-1.60302E-8
58.95011	-1.67526E-8
58.97582	-1.70505E-8
59.00153	-1.59466E-8
59.02725	-1.58324E-8
59.05295	-1.60429E-8
59.07868	-1.60876E-8
59.10438	-1.62389E-8
59.13009	-1.6892E-8
59.15583	-1.68585E-8
59.18154	-1.59712E-8
59.20723	-1.60304E-8
59.23298	-1.58909E-8
59.25867	-1.58716E-8
59.28438	-1.59041E-8
59.3101	-1.59076E-8
59.33579	-1.59293E-8
59.36149	-1.59451E-8
59.38722	-1.65199E-8
59.41291	-1.70742E-8
59.43862	-1.70639E-8
59.46435	-1.6852E-8
59.49004	-1.68786E-8
59.51574	-1.60578E-8
59.54145	-1.60192E-8
59.56715	-1.60583E-8
59.59286	-1.60775E-8
59.61858	-1.60722E-8
59.64425	-1.60768E-8
59.66997	-1.61567E-8
59.69569	-1.69966E-8
59.72138	-1.66482E-8
59.7471	-1.70685E-8
59.77282	-1.70903E-8
59.79852	-1.70917E-8
59.82421	-1.68925E-8
59.84995	-1.70996E-8
59.87566	-1.70567E-8
59.90136	-1.70555E-8
59.92707	-1.61389E-8
59.95278	-1.61439E-8
59.9785	-1.61515E-8
60.00421	-1.61401E-8
60.02993	-1.61251E-8
60.05564	-1.61098E-8
60.08134	-1.68853E-8
60.10704	-1.71195E-8
60.13277	-1.61481E-8
60.15848	-1.60612E-8
60.18419	-1.61078E-8
60.20991	-1.60775E-8
60.23561	-1.60804E-8
60.26132	-1.61207E-8
60.28706	-1.60451E-8
60.31278	-1.60889E-8
60.33846	-1.60982E-8
60.36418	-1.61205E-8
60.38988	-1.60704E-8
60.41558	-1.61119E-8
60.44132	-1.61267E-8
60.46701	-1.60932E-8
60.49269	-1.60387E-8
60.51844	-1.62554E-8
60.54413	-1.71422E-8
60.56982	-1.70928E-8
60.59556	-1.71407E-8
60.62126	-1.71003E-8
60.64697	-1.65598E-8
60.6727	-1.61127E-8
60.69838	-1.61078E-8
60.72409	-1.61323E-8
60.74983	-1.61386E-8
60.77552	-1.60934E-8
60.80122	-1.61192E-8
60.82694	-1.60766E-8
60.85263	-1.70303E-8
60.87834	-1.70281E-8
60.90406	-1.70736E-8
60.92974	-1.60613E-8
60.95544	-1.60405E-8
60.98116	-1.65807E-8
61.00686	-1.60948E-8
61.03257	-1.68816E-8
61.0583	-1.70407E-8
61.08401	-1.62208E-8
61.10974	-1.71079E-8
61.13545	-1.68631E-8
61.16116	-1.61756E-8
61.18689	-1.60817E-8
61.21259	-1.61005E-8
61.23829	-1.61166E-8
61.26402	-1.64737E-8
61.28973	-1.61322E-8
61.31543	-1.58341E-8
61.34117	-1.58772E-8
61.36687	-1.58442E-8
61.39257	-1.58474E-8
61.41829	-1.58228E-8
61.44398	-1.57909E-8
61.46968	-1.5776E-8
61.49543	-1.57548E-8
61.52112	-1.57553E-8
61.54682	-1.57383E-8
61.57256	-1.5736E-8
61.59825	-1.57467E-8
61.62397	-1.69523E-8
61.64969	-1.70186E-8
61.67538	-1.70697E-8
61.70108	-1.61928E-8
61.7268	-1.60553E-8
61.75248	-1.6007E-8
61.77819	-1.60322E-8
61.80394	-1.60051E-8
61.82964	-1.59827E-8
61.85534	-1.5992E-8
61.88108	-1.59713E-8
61.9068	-1.59999E-8
61.93254	-1.69161E-8
61.95825	-1.69588E-8
61.98395	-1.70291E-8
62.00968	-1.70242E-8
62.03539	-1.64167E-8
62.0611	-1.70594E-8
62.08682	-1.61023E-8
62.11253	-1.60039E-8
62.13824	-1.59707E-8
62.16398	-1.5983E-8
62.1897	-1.59697E-8
62.2154	-1.5956E-8
62.24114	-1.5976E-8
62.26683	-1.59432E-8
62.29253	-1.59581E-8
62.31826	-1.59458E-8
62.34395	-1.59594E-8
62.36966	-1.59144E-8
62.39539	-1.58253E-8
62.42106	-1.57859E-8
62.44678	-1.57828E-8
62.47251	-1.57945E-8
62.49821	-1.58231E-8
62.52392	-1.57758E-8
62.54965	-1.62941E-8
62.57536	-1.67604E-8
62.60107	-1.66857E-8
62.6268	-1.57758E-8
62.65251	-1.57758E-8
62.67823	-1.63762E-8
62.70394	-1.57452E-8
62.72966	-1.57882E-8
62.75537	-1.64821E-8
62.78108	-1.58348E-8
62.80678	-1.58126E-8
62.83252	-1.58283E-8
62.85822	-1.57674E-8
62.88394	-1.57494E-8
62.90968	-1.57334E-8
62.93539	-1.63781E-8
62.96109	-1.6685E-8
62.98682	-1.60382E-8
63.01251	-1.57126E-8
63.03821	-1.6597E-8
63.06394	-1.58494E-8
63.08963	-1.5871E-8
63.11532	-1.60689E-8
63.14105	-1.59318E-8
63.16674	-1.59423E-8
63.19244	-1.59966E-8
63.21817	-1.59871E-8
63.24387	-1.59779E-8
63.26959	-1.58809E-8
63.29531	-1.59238E-8
63.321	-1.59541E-8
63.34671	-1.59901E-8
63.37243	-1.59742E-8
63.39811	-1.60013E-8
63.42383	-1.65383E-8
63.44957	-1.69835E-8
63.47525	-1.70021E-8
63.50098	-1.6994E-8
63.52671	-1.64809E-8
63.55241	-1.59485E-8
63.57814	-1.62273E-8
63.60386	-1.69365E-8
63.62957	-1.5968E-8
63.6553	-1.591E-8
63.68101	-1.59685E-8
63.70672	-1.59972E-8
63.73246	-1.59683E-8
63.75816	-1.59521E-8
63.78387	-1.70422E-8
63.80961	-1.70377E-8
63.8353	-1.6417E-8
63.86101	-1.60284E-8
63.88675	-1.59463E-8
63.91245	-1.59509E-8
63.93815	-1.59519E-8
63.96387	-1.63336E-8
63.98957	-1.69113E-8
64.01527	-1.69797E-8
64.04099	-1.63384E-8
64.06668	-1.69506E-8
64.09239	-1.59594E-8
64.11813	-1.59341E-8
64.14383	-1.58773E-8
64.16952	-1.59243E-8
64.19524	-1.59057E-8
64.22093	-1.69194E-8
64.24663	-1.66505E-8
64.27236	-1.59089E-8
64.29807	-1.59495E-8
64.32381	-1.60208E-8
64.34952	-1.6014E-8
64.37524	-1.59569E-8
64.40096	-1.59924E-8
64.42667	-1.59915E-8
64.45238	-1.59829E-8
64.47813	-1.59845E-8
64.50384	-1.59921E-8
64.52955	-1.60329E-8
64.55528	-1.59925E-8
64.58098	-1.59995E-8
64.60669	-1.59171E-8
64.63243	-1.69074E-8
64.65811	-1.69436E-8
64.68382	-1.69232E-8
64.70954	-1.68796E-8
64.73525	-1.692E-8
64.76095	-1.69117E-8
64.78667	-1.67655E-8
64.81237	-1.5937E-8
64.83807	-1.59323E-8
64.86382	-1.59185E-8
64.88953	-1.59098E-8
64.91521	-1.67597E-8
64.94093	-1.68996E-8
64.96663	-1.68828E-8
64.99232	-1.70208E-8
65.01804	-1.69995E-8
65.04374	-1.69022E-8
65.06944	-1.69384E-8
65.09516	-1.59514E-8
65.12087	-1.67957E-8
65.14657	-1.69557E-8
65.17231	-1.6717E-8
65.19804	-1.59335E-8
65.22376	-1.59382E-8
65.24947	-1.59969E-8
65.27518	-1.6218E-8
65.30093	-1.69247E-8
65.32664	-1.68042E-8
65.35235	-1.59382E-8
65.37807	-1.59069E-8
65.40376	-1.59171E-8
65.42946	-1.59147E-8
65.45518	-1.59525E-8
65.48089	-1.5945E-8
65.50657	-1.59573E-8
65.53232	-1.59447E-8
65.55801	-1.5938E-8
65.58373	-1.60018E-8
65.60945	-1.59741E-8
65.63516	-1.59598E-8
65.66087	-1.59411E-8
65.68661	-1.59593E-8
65.7123	-1.59386E-8
65.73801	-1.59649E-8
65.76376	-1.59449E-8
65.78946	-1.59811E-8
65.81517	-1.5918E-8
65.8409	-1.60052E-8
65.86662	-1.6018E-8
65.89236	-1.60126E-8
65.91807	-1.5984E-8
65.94378	-1.60163E-8
65.96951	-1.6035E-8
65.99521	-1.5992E-8
66.02093	-1.59805E-8
66.04667	-1.59403E-8
66.07238	-1.59365E-8
66.09808	-1.5927E-8
66.12381	-1.59125E-8
66.14951	-1.59556E-8
66.17522	-1.59734E-8
66.20094	-1.69183E-8
66.22665	-1.62996E-8
66.25234	-1.59375E-8
66.27807	-1.5909E-8
66.30377	-1.58627E-8
66.32949	-1.58784E-8
66.35521	-1.58845E-8
66.38091	-1.59477E-8
66.40662	-1.62265E-8
66.43235	-1.6764E-8
66.45805	-1.59177E-8
66.48377	-1.59467E-8
66.5095	-1.59466E-8
66.53521	-1.5954E-8
66.56093	-1.60219E-8
66.58665	-1.59898E-8
66.61236	-1.59479E-8
66.63809	-1.59599E-8
66.66381	-1.59114E-8
66.68951	-1.59464E-8
66.71526	-1.5971E-8
66.74096	-1.59908E-8
66.76667	-1.58884E-8
66.7924	-1.58381E-8
66.81811	-1.57883E-8
66.84381	-1.5722E-8
66.86954	-1.57534E-8
66.89523	-1.57502E-8
66.92095	-1.64285E-8
66.94669	-1.67989E-8
66.97238	-1.68675E-8
66.99808	-1.67234E-8
67.02381	-1.66979E-8
67.04952	-1.67842E-8
67.07523	-1.68075E-8
67.10095	-1.68029E-8
67.12666	-1.67692E-8
67.15238	-1.67673E-8
67.17809	-1.57896E-8
67.20379	-1.58053E-8
67.22951	-1.57385E-8
67.25522	-1.57467E-8
67.28094	-1.5691E-8
67.30669	-1.63445E-8
67.3324	-1.64061E-8
67.3581	-1.67268E-8
67.38383	-1.67156E-8
67.40955	-1.57785E-8
67.43525	-1.57259E-8
67.46098	-1.66243E-8
67.48667	-1.65243E-8
67.51236	-1.57071E-8
67.53809	-1.57028E-8
67.5638	-1.57282E-8
67.58951	-1.57663E-8
67.61523	-1.57447E-8
67.64092	-1.57303E-8
67.66663	-1.57374E-8
67.69237	-1.64818E-8
67.71808	-1.66922E-8
67.74381	-1.67101E-8
67.76954	-1.67177E-8
67.79524	-1.65611E-8
67.82096	-1.58397E-8
67.84667	-1.59096E-8
67.87238	-1.57278E-8
67.8981	-1.57386E-8
67.92381	-1.57341E-8
67.94952	-1.57616E-8
67.97524	-1.57192E-8
68.00096	-1.56944E-8
68.02667	-1.57709E-8
68.05241	-1.58301E-8
68.07811	-1.58048E-8
68.10381	-1.611E-8
68.12953	-1.57347E-8
68.15524	-1.66389E-8
68.18094	-1.67521E-8
68.20666	-1.67326E-8
68.23235	-1.6504E-8
68.25803	-1.59401E-8
68.28378	-1.64216E-8
68.30946	-1.68916E-8
68.33515	-1.69127E-8
68.36088	-1.69811E-8
68.38657	-1.59663E-8
68.41228	-1.59592E-8
68.43801	-1.59615E-8
68.46371	-1.60328E-8
68.48941	-1.59969E-8
68.51514	-1.60017E-8
68.54082	-1.59391E-8
68.56655	-1.59835E-8
68.59228	-1.60111E-8
68.61797	-1.59936E-8
68.64367	-1.60268E-8
68.66941	-1.59951E-8
68.6951	-1.57289E-8
68.7208	-1.57887E-8
68.74654	-1.5842E-8
68.77224	-1.58577E-8
68.79795	-1.6515E-8
68.82367	-1.61122E-8
68.84937	-1.58121E-8
68.87509	-1.61301E-8
68.9008	-1.68045E-8
68.92652	-1.67533E-8
68.95224	-1.621E-8
68.97795	-1.60084E-8
69.00367	-1.65733E-8
69.0294	-1.60782E-8
69.0551	-1.59958E-8
69.08081	-1.59934E-8
69.10656	-1.60565E-8
69.13226	-1.6017E-8
69.15794	-1.60565E-8
69.18369	-1.60225E-8
69.20937	-1.60184E-8
69.23508	-1.59999E-8
69.2608	-1.60685E-8
69.2865	-1.61085E-8
69.31219	-1.66454E-8
69.33791	-1.68796E-8
69.36362	-1.62013E-8
69.38933	-1.60183E-8
69.41505	-1.62315E-8
69.44074	-1.59712E-8
69.46646	-1.59732E-8
69.49219	-1.5969E-8
69.51789	-1.63076E-8
69.54358	-1.61877E-8
69.56931	-1.69789E-8
69.59502	-1.6068E-8
69.62074	-1.59705E-8
69.64645	-1.59399E-8
69.67215	-1.6388E-8
69.69788	-1.70089E-8
69.72359	-1.69908E-8
69.74931	-1.64631E-8
69.77502	-1.60342E-8
69.80074	-1.60386E-8
69.82645	-1.60205E-8
69.8522	-1.60551E-8
69.87791	-1.59722E-8
69.90363	-1.59917E-8
69.92935	-1.69652E-8
69.95505	-1.61035E-8
69.98074	-1.60293E-8
70.00648	-1.69872E-8
70.03217	-1.60687E-8
70.05785	-1.59731E-8
70.08358	-1.6021E-8
70.10927	-1.59751E-8
70.13499	-1.59915E-8
70.16071	-1.60111E-8
70.18641	-1.59792E-8
70.21213	-1.59913E-8
70.23785	-1.6126E-8
70.26355	-1.6052E-8
70.28925	-1.60396E-8
70.31499	-1.70131E-8
70.34068	-1.69492E-8
70.36638	-1.59936E-8
70.3921	-1.60572E-8
70.41779	-1.59574E-8
70.44348	-1.61017E-8
70.46922	-1.60267E-8
70.49493	-1.64005E-8
70.52063	-1.65918E-8
70.54635	-1.60025E-8
70.57207	-1.59929E-8
70.59779	-1.69528E-8
70.6235	-1.67388E-8
70.64922	-1.67852E-8
70.67493	-1.70159E-8
70.70064	-1.70146E-8
70.72633	-1.61318E-8
70.75204	-1.60577E-8
70.77776	-1.6959E-8
70.80346	-1.60318E-8
70.82921	-1.6864E-8
70.85491	-1.65841E-8
70.88061	-1.60088E-8
70.90636	-1.6119E-8
70.93205	-1.70148E-8
70.95774	-1.68074E-8
70.98346	-1.60723E-8
71.00916	-1.60066E-8
71.03484	-1.60168E-8
71.06059	-1.60284E-8
71.0863	-1.6029E-8
71.11201	-1.60509E-8
71.13773	-1.62748E-8
71.16343	-1.61313E-8
71.18914	-1.61615E-8
71.21486	-1.60342E-8
71.24055	-1.59576E-8
71.26626	-1.59829E-8
71.29199	-1.65879E-8
71.31767	-1.59924E-8
71.34338	-1.60423E-8
71.36911	-1.60027E-8
71.3948	-1.64834E-8
71.42049	-1.59712E-8
71.44623	-1.68565E-8
71.47195	-1.61071E-8
71.49765	-1.60166E-8
71.52338	-1.60753E-8
71.54909	-1.70307E-8
71.5748	-1.70495E-8
71.60051	-1.69928E-8
71.62622	-1.64623E-8
71.65195	-1.60128E-8
71.67767	-1.60035E-8
71.70338	-1.60242E-8
71.72912	-1.63558E-8
71.75482	-1.59587E-8
71.78052	-1.60184E-8
71.80625	-1.60109E-8
71.83196	-1.59902E-8
71.85766	-1.69187E-8
71.88337	-1.70112E-8
71.90907	-1.70312E-8
71.93476	-1.68674E-8
71.96049	-1.59872E-8
71.98618	-1.66948E-8
72.01189	-1.70336E-8
72.03761	-1.65613E-8
72.06331	-1.60202E-8
72.08902	-1.60603E-8
72.11475	-1.60584E-8
72.14044	-1.62279E-8
72.16615	-1.69284E-8
72.19187	-1.67103E-8
72.21758	-1.62527E-8
72.24329	-1.60767E-8
72.26902	-1.69715E-8
72.29472	-1.69891E-8
72.32044	-1.64944E-8
72.34616	-1.60924E-8
72.37186	-1.69894E-8
72.39761	-1.59685E-8
72.42332	-1.60124E-8
72.44903	-1.60323E-8
72.47476	-1.60055E-8
72.50047	-1.69802E-8
72.52618	-1.69974E-8
72.55191	-1.61674E-8
72.57761	-1.61661E-8
72.60332	-1.60796E-8
72.62906	-1.59998E-8
72.65476	-1.60224E-8
72.68047	-1.60081E-8
72.7062	-1.59751E-8
72.7319	-1.60458E-8
72.7576	-1.59917E-8
72.78333	-1.62283E-8
72.80904	-1.59771E-8
72.83474	-1.64344E-8
72.86045	-1.66738E-8
72.88615	-1.59823E-8
72.91186	-1.59774E-8
72.93759	-1.59889E-8
72.96329	-1.5964E-8
72.98899	-1.63624E-8
73.01472	-1.59798E-8
73.04043	-1.59925E-8
73.06614	-1.60041E-8
73.09186	-1.59533E-8
73.11757	-1.65541E-8
73.14329	-1.60398E-8
73.169	-1.59483E-8
73.19473	-1.60586E-8
73.22045	-1.59504E-8
73.24617	-1.66603E-8
73.27187	-1.59818E-8
73.29761	-1.59459E-8
73.3233	-1.59414E-8
73.34901	-1.59776E-8
73.37476	-1.6593E-8
73.40045	-1.59555E-8
73.42615	-1.59895E-8
73.45189	-1.59465E-8
73.47758	-1.61026E-8
73.50329	-1.69645E-8
73.52902	-1.69832E-8
73.55473	-1.69962E-8
73.58043	-1.70176E-8
73.60616	-1.62882E-8
73.63186	-1.59741E-8
73.65757	-1.67274E-8
73.68331	-1.60162E-8
73.70902	-1.60028E-8
73.73473	-1.59756E-8
73.76043	-1.59294E-8
73.78613	-1.59248E-8
73.81187	-1.64512E-8
73.83759	-1.69428E-8
73.8633	-1.69643E-8
73.88902	-1.69203E-8
73.91473	-1.69703E-8
73.94046	-1.67547E-8
73.96619	-1.59681E-8
73.99188	-1.61862E-8
74.01758	-1.60144E-8
74.04331	-1.68131E-8
74.06902	-1.59289E-8
74.09473	-1.59716E-8
74.12044	-1.5949E-8
74.14615	-1.69385E-8
74.17184	-1.69923E-8
74.19756	-1.59918E-8
74.22326	-1.66007E-8
74.24895	-1.62087E-8
74.27467	-1.69307E-8
74.30037	-1.69807E-8
74.32605	-1.69933E-8
74.35175	-1.59927E-8
74.37746	-1.69079E-8
74.40316	-1.59534E-8
74.4289	-1.59851E-8
74.4546	-1.58907E-8
74.4803	-1.59179E-8
74.50603	-1.59159E-8
74.53174	-1.59064E-8
74.55745	-1.59043E-8
74.58315	-1.6531E-8
74.60884	-1.68605E-8
74.63454	-1.68715E-8
74.66027	-1.6915E-8
74.68596	-1.6973E-8
74.71166	-1.62045E-8
74.73738	-1.5899E-8
74.76305	-1.59526E-8
74.78877	-1.60599E-8
74.8145	-1.63016E-8
74.84019	-1.59195E-8
74.86591	-1.59403E-8
74.89164	-1.59041E-8
74.91732	-1.59398E-8
74.94302	-1.69321E-8
74.96875	-1.69997E-8
74.99444	-1.59245E-8
75.02016	-1.59907E-8
75.04588	-1.69469E-8
75.07159	-1.68676E-8
75.09732	-1.5899E-8
75.12302	-1.59411E-8
75.14874	-1.58524E-8
75.17444	-1.59101E-8
75.20016	-1.59136E-8
75.22586	-1.59386E-8
75.25159	-1.58783E-8
75.27729	-1.59188E-8
75.30299	-1.59068E-8
75.32871	-1.58715E-8
75.35443	-1.62063E-8
75.38014	-1.68344E-8
75.40586	-1.68079E-8
75.43156	-1.68966E-8
75.45727	-1.69046E-8
75.48298	-1.59658E-8
75.5087	-1.59526E-8
75.53439	-1.59673E-8
75.56012	-1.58677E-8
75.58582	-1.59558E-8
75.61153	-1.5936E-8
75.63726	-1.5929E-8
75.66294	-1.5934E-8
75.68866	-1.59012E-8
75.71438	-1.66215E-8
75.74007	-1.59513E-8
75.76577	-1.59057E-8
75.7915	-1.68272E-8
75.81718	-1.69096E-8
75.84288	-1.69439E-8
75.86861	-1.61372E-8
75.89429	-1.59366E-8
75.92003	-1.59094E-8
75.94574	-1.59742E-8
75.97143	-1.59868E-8
75.99713	-1.62552E-8
76.02286	-1.69769E-8
76.04855	-1.65519E-8
76.07424	-1.59806E-8
76.09998	-1.59681E-8
76.12569	-1.59763E-8
76.15141	-1.59885E-8
76.17712	-1.59859E-8
76.20282	-1.61549E-8
76.22855	-1.69637E-8
76.25426	-1.70497E-8
76.27997	-1.63141E-8
76.30568	-1.61331E-8
76.33138	-1.61577E-8
76.35709	-1.6558E-8
76.3828	-1.6411E-8
76.40849	-1.58273E-8
76.4342	-1.58127E-8
76.45992	-1.58008E-8
76.48564	-1.57888E-8
76.51134	-1.59821E-8
76.53709	-1.678E-8
76.5628	-1.67678E-8
76.58849	-1.67388E-8
76.61423	-1.62717E-8
76.63993	-1.59535E-8
76.66562	-1.57651E-8
76.69133	-1.57708E-8
76.71703	-1.60173E-8
76.74272	-1.64292E-8
76.76846	-1.57623E-8
76.79414	-1.57517E-8
76.81984	-1.5799E-8
76.84557	-1.69266E-8
76.87125	-1.68832E-8
76.89697	-1.66705E-8
76.92271	-1.59866E-8
76.9484	-1.59578E-8
76.97411	-1.59602E-8
76.99983	-1.58684E-8
77.02552	-1.62283E-8
77.05124	-1.69595E-8
77.07697	-1.69987E-8
77.10265	-1.60289E-8
77.12836	-1.5988E-8
77.15409	-1.59757E-8
77.17978	-1.5956E-8
77.20552	-1.62046E-8
77.23124	-1.69357E-8
77.25694	-1.59514E-8
77.28266	-1.59797E-8
77.30836	-1.59892E-8
77.33408	-1.60075E-8
77.35981	-1.60214E-8
77.38552	-1.60345E-8
77.41123	-1.59561E-8
77.43696	-1.6001E-8
77.46267	-1.59255E-8
77.48838	-1.59444E-8
77.51412	-1.59649E-8
77.53983	-1.64777E-8
77.56553	-1.69716E-8
77.59126	-1.68119E-8
77.61696	-1.60209E-8
77.64266	-1.60364E-8
77.66838	-1.65226E-8
77.69408	-1.69708E-8
77.71979	-1.64343E-8
77.7455	-1.64739E-8
77.77121	-1.60151E-8
77.79692	-1.60445E-8
77.82265	-1.60263E-8
77.84834	-1.60296E-8
77.87405	-1.61408E-8
77.89977	-1.60402E-8
77.92546	-1.60349E-8
77.95117	-1.67088E-8
77.97691	-1.70332E-8
78.00262	-1.61137E-8
78.02834	-1.60485E-8
78.05406	-1.60291E-8
78.07977	-1.617E-8
78.1055	-1.60065E-8
78.1312	-1.60414E-8
78.15689	-1.60176E-8
78.18262	-1.60185E-8
78.20834	-1.6002E-8
78.23405	-1.6669E-8
78.2598	-1.60797E-8
78.2855	-1.60256E-8
78.3112	-1.60127E-8
78.33695	-1.60071E-8
78.36265	-1.60419E-8
78.38835	-1.69568E-8
78.41408	-1.62031E-8
78.43977	-1.70089E-8
78.46546	-1.6239E-8
78.4912	-1.60088E-8
78.51691	-1.61304E-8
78.54261	-1.60416E-8
78.56833	-1.66561E-8
78.59402	-1.6015E-8
78.61975	-1.60356E-8
78.64548	-1.63819E-8
78.67119	-1.59768E-8
78.69689	-1.60314E-8
78.7226	-1.60388E-8
78.74832	-1.60035E-8
78.77406	-1.6004E-8
78.79975	-1.60077E-8
78.82547	-1.70063E-8
78.85117	-1.59902E-8
78.87688	-1.60232E-8
78.9026	-1.60561E-8
78.92834	-1.70005E-8
78.95404	-1.70272E-8
78.97974	-1.70141E-8
79.00547	-1.7037E-8
79.03117	-1.70195E-8
79.05689	-1.7056E-8
79.08261	-1.63575E-8
79.10831	-1.59904E-8
79.13402	-1.59681E-8
79.15974	-1.60035E-8
79.18545	-1.64508E-8
79.21117	-1.70537E-8
79.2369	-1.69963E-8
79.26259	-1.70023E-8
79.28828	-1.70538E-8
79.31401	-1.61278E-8
79.3397	-1.59843E-8
79.36543	-1.60309E-8
79.39116	-1.6029E-8
79.41685	-1.59875E-8
79.44257	-1.60208E-8
79.46829	-1.59824E-8
79.494	-1.59703E-8
79.51971	-1.59645E-8
79.54543	-1.63851E-8
79.57113	-1.6016E-8
79.59685	-1.69614E-8
79.62256	-1.69824E-8
79.64827	-1.69802E-8
79.674	-1.59721E-8
79.69971	-1.59826E-8
79.72542	-1.59528E-8
79.75116	-1.62725E-8
79.77688	-1.61419E-8
79.80258	-1.59624E-8
79.82832	-1.59838E-8
79.85402	-1.60162E-8
79.87973	-1.60099E-8
79.90546	-1.60112E-8
79.93117	-1.59751E-8
79.95688	-1.5993E-8
79.98261	-1.67313E-8
80.00832	-1.69894E-8
80.03402	-1.69647E-8
80.05975	-1.70296E-8
80.08544	-1.70326E-8
80.11114	-1.60514E-8
80.13686	-1.68875E-8
80.16257	-1.70002E-8
80.18829	-1.6694E-8
80.21399	-1.60243E-8
80.23971	-1.6017E-8
80.26542	-1.60498E-8
80.29113	-1.63824E-8
80.31683	-1.69818E-8
80.34257	-1.67766E-8
80.36827	-1.59635E-8
80.39398	-1.69661E-8
80.41972	-1.68491E-8
80.44543	-1.701E-8
80.47113	-1.6989E-8
80.49687	-1.6517E-8
80.52257	-1.6016E-8
80.54828	-1.59909E-8
80.57402	-1.60099E-8
80.59972	-1.60926E-8
80.62544	-1.68551E-8
80.65117	-1.66816E-8
80.67686	-1.5845E-8
80.70257	-1.58402E-8
80.72829	-1.63296E-8
80.75397	-1.59004E-8
80.77967	-1.58522E-8
80.8054	-1.58356E-8
80.83108	-1.58348E-8
80.85677	-1.60131E-8
80.8825	-1.59897E-8
80.90821	-1.60017E-8
80.93391	-1.60779E-8
80.95964	-1.6039E-8
80.98533	-1.60322E-8
81.01104	-1.60725E-8
81.03677	-1.60741E-8
81.06248	-1.60549E-8
81.0882	-1.66912E-8
81.11392	-1.619E-8
81.13962	-1.69491E-8
81.16535	-1.72334E-8
81.19107	-1.70376E-8
81.21677	-1.605E-8
81.24251	-1.66765E-8
81.26822	-1.69427E-8
81.29393	-1.70274E-8
81.31967	-1.69886E-8
81.34538	-1.63883E-8
81.37108	-1.602E-8
81.3968	-1.60662E-8
81.4225	-1.60219E-8
81.44821	-1.58305E-8
81.47394	-1.58812E-8
81.49962	-1.5871E-8
81.52531	-1.58958E-8
81.55104	-1.59679E-8
81.57672	-1.69262E-8
81.60245	-1.70359E-8
81.62816	-1.61103E-8
81.65385	-1.6055E-8
81.67957	-1.60765E-8
81.70528	-1.60087E-8
81.731	-1.60256E-8
81.75671	-1.61553E-8
81.78243	-1.59985E-8
81.80813	-1.60346E-8
81.83383	-1.60549E-8
81.85957	-1.60433E-8
81.88528	-1.6004E-8
81.91099	-1.59979E-8
81.9367	-1.60056E-8
81.9624	-1.59889E-8
81.98812	-1.61417E-8
82.01384	-1.63263E-8
82.03954	-1.70491E-8
82.06525	-1.69609E-8
82.09097	-1.60487E-8
82.11668	-1.60479E-8
82.1424	-1.60214E-8
82.16812	-1.61991E-8
82.19382	-1.60609E-8
82.21955	-1.60519E-8
82.24525	-1.60205E-8
82.27096	-1.69839E-8
82.29669	-1.67666E-8
82.3224	-1.60268E-8
82.3481	-1.61579E-8
82.37382	-1.59679E-8
82.39951	-1.68284E-8
82.42519	-1.67927E-8
82.45093	-1.6816E-8
82.47662	-1.67248E-8
82.50233	-1.58172E-8
82.52806	-1.61114E-8
82.55375	-1.63439E-8
82.57946	-1.60389E-8
82.60517	-1.69832E-8
82.63087	-1.60788E-8
82.65658	-1.62259E-8
82.68231	-1.67589E-8
82.708	-1.6499E-8
82.73371	-1.70006E-8
82.75944	-1.60942E-8
82.78513	-1.60024E-8
82.81084	-1.6056E-8
82.83657	-1.60395E-8
82.86227	-1.60563E-8
82.88799	-1.70285E-8
82.9137	-1.71589E-8
82.93941	-1.69998E-8
82.96513	-1.67297E-8
82.99084	-1.62558E-8
83.01657	-1.67424E-8
83.0423	-1.70681E-8
83.06801	-1.70641E-8
83.09372	-1.67723E-8
83.11944	-1.59708E-8
83.14515	-1.70141E-8
83.17085	-1.70377E-8
83.19657	-1.70376E-8
83.22227	-1.68723E-8
83.24796	-1.60423E-8
83.2737	-1.60254E-8
83.29942	-1.64979E-8
83.3251	-1.65692E-8
83.35083	-1.64523E-8
83.37653	-1.6173E-8
83.40223	-1.61782E-8
83.42798	-1.61744E-8
83.45368	-1.61645E-8
83.47939	-1.61355E-8
83.5051	-1.60173E-8
83.53079	-1.6018E-8
83.55651	-1.60514E-8
83.58223	-1.60668E-8
83.60793	-1.6072E-8
83.63363	-1.69477E-8
83.65936	-1.68086E-8
83.68504	-1.67761E-8
83.71075	-1.60283E-8
83.73649	-1.59711E-8
83.7622	-1.58589E-8
83.7879	-1.58348E-8
83.81361	-1.58692E-8
83.83929	-1.6036E-8
83.86504	-1.69717E-8
83.89075	-1.60145E-8
83.91644	-1.60206E-8
83.94218	-1.60563E-8
83.96789	-1.63071E-8
83.9936	-1.70388E-8
84.01933	-1.701E-8
84.04502	-1.7026E-8
84.07072	-1.69779E-8
84.09647	-1.70589E-8
84.12217	-1.60944E-8
84.14788	-1.69827E-8
84.17361	-1.65368E-8
84.19932	-1.60555E-8
84.22501	-1.60638E-8
84.25072	-1.66019E-8
84.27642	-1.67063E-8
84.30212	-1.60213E-8
84.32786	-1.59903E-8
84.35355	-1.66077E-8
84.37924	-1.70077E-8
84.40497	-1.70338E-8
84.43066	-1.60806E-8
84.45637	-1.60282E-8
84.4821	-1.69727E-8
84.5078	-1.70651E-8
84.53351	-1.70549E-8
84.55924	-1.6614E-8
84.58493	-1.71039E-8
84.61064	-1.66977E-8
84.63636	-1.60727E-8
84.66205	-1.60415E-8
84.68774	-1.60789E-8
84.71348	-1.61029E-8
84.73917	-1.65211E-8
84.76487	-1.61011E-8
84.7906	-1.64252E-8
84.81628	-1.70896E-8
84.842	-1.68004E-8
84.86772	-1.60781E-8
84.89343	-1.60479E-8
84.91914	-1.60641E-8
84.94486	-1.6023E-8
84.97057	-1.65297E-8
84.99629	-1.60534E-8
85.022	-1.59081E-8
85.04769	-1.6045E-8
85.07342	-1.6113E-8
85.09913	-1.61355E-8
85.12482	-1.60632E-8
85.15055	-1.60587E-8
85.17626	-1.66133E-8
85.20197	-1.60758E-8
85.22771	-1.6259E-8
85.25341	-1.7028E-8
85.27913	-1.63454E-8
85.30485	-1.60298E-8
85.33054	-1.60414E-8
85.35624	-1.60485E-8
85.38197	-1.6043E-8
85.40765	-1.68852E-8
85.43336	-1.61453E-8
85.45909	-1.68607E-8
85.48479	-1.70199E-8
85.51049	-1.6041E-8
85.53622	-1.6482E-8
85.56191	-1.60475E-8
85.58763	-1.6012E-8
85.61335	-1.60181E-8
85.63903	-1.70111E-8
85.66474	-1.70253E-8
85.69048	-1.60356E-8
85.71619	-1.60587E-8
85.74188	-1.60618E-8
85.76761	-1.60857E-8
85.7933	-1.62061E-8
85.81902	-1.6037E-8
85.84474	-1.67024E-8
85.87045	-1.64664E-8
85.89618	-1.60464E-8
85.92189	-1.61323E-8
85.9476	-1.60173E-8
85.97332	-1.60919E-8
85.99902	-1.70889E-8
86.02473	-1.70684E-8
86.05043	-1.70423E-8
86.07613	-1.60406E-8
86.10183	-1.71159E-8
86.12758	-1.65013E-8
86.1533	-1.60531E-8
86.17899	-1.60694E-8
86.20473	-1.62161E-8
86.23043	-1.60396E-8
86.25614	-1.60596E-8
86.28186	-1.60646E-8
86.30756	-1.60551E-8
86.33326	-1.61129E-8
86.35899	-1.6748E-8
86.38469	-1.59806E-8
86.41038	-1.58794E-8
86.43612	-1.67451E-8
86.46181	-1.68173E-8
86.48753	-1.68337E-8
86.51325	-1.68402E-8
86.53894	-1.68301E-8
86.56466	-1.58441E-8
86.59039	-1.64936E-8
86.61607	-1.62205E-8
86.64178	-1.58382E-8
86.6675	-1.65559E-8
86.69319	-1.67078E-8
86.71889	-1.67372E-8
86.74463	-1.60649E-8
86.77032	-1.60265E-8
86.79603	-1.60102E-8
86.82176	-1.60481E-8
86.84747	-1.60421E-8
86.87319	-1.60314E-8
86.8989	-1.60347E-8
86.92461	-1.69659E-8
86.95033	-1.60429E-8
86.97604	-1.63441E-8
87.00175	-1.70727E-8
87.02747	-1.64457E-8
87.05319	-1.60414E-8
87.07889	-1.60739E-8
87.10462	-1.60119E-8
87.13033	-1.60201E-8
87.15604	-1.60371E-8
87.18178	-1.60355E-8
87.20747	-1.60362E-8
87.23316	-1.60376E-8
87.25888	-1.60356E-8
87.28458	-1.60368E-8
87.31027	-1.60406E-8
87.33601	-1.63251E-8
87.3617	-1.60435E-8
87.38741	-1.60366E-8
87.41315	-1.65889E-8
87.43883	-1.60388E-8
87.46455	-1.6067E-8
87.49026	-1.60352E-8
87.51595	-1.60883E-8
87.54166	-1.61072E-8
87.56738	-1.60393E-8
87.59306	-1.60524E-8
87.61877	-1.6029E-8
87.64451	-1.6024E-8
87.6702	-1.60727E-8
87.69591	-1.70406E-8
87.72164	-1.60832E-8
87.74733	-1.60516E-8
87.77304	-1.64138E-8
87.79876	-1.70655E-8
87.82448	-1.70165E-8
87.85018	-1.7083E-8
87.8759	-1.71172E-8
87.90161	-1.61186E-8
87.92732	-1.6112E-8
87.95303	-1.60945E-8
87.97874	-1.60926E-8
88.00446	-1.60949E-8
88.03017	-1.61942E-8
88.05587	-1.67813E-8
88.08162	-1.61067E-8
88.10732	-1.60795E-8
88.13303	-1.62453E-8
88.15877	-1.70509E-8
88.18447	-1.70682E-8
88.21016	-1.70425E-8
88.23587	-1.64409E-8
88.26158	-1.61298E-8
88.28728	-1.60744E-8
88.31301	-1.69818E-8
88.33871	-1.61295E-8
88.36442	-1.62832E-8
88.39014	-1.60676E-8
88.41583	-1.70456E-8
88.44154	-1.62521E-8
88.46725	-1.60763E-8
88.49294	-1.60792E-8
88.51865	-1.60523E-8
88.54437	-1.61616E-8
88.57006	-1.62588E-8
88.59576	-1.61E-8
88.62149	-1.6119E-8
88.64718	-1.61164E-8
88.67288	-1.60858E-8
88.6986	-1.6118E-8
88.7243	-1.61223E-8
88.75001	-1.60492E-8
88.77573	-1.60641E-8
88.80143	-1.60568E-8
88.82713	-1.60829E-8
88.85285	-1.60515E-8
88.87853	-1.60577E-8
88.90424	-1.60858E-8
88.92997	-1.60524E-8
88.95569	-1.60803E-8
88.9814	-1.60776E-8
89.0071	-1.61131E-8
89.03281	-1.69045E-8
89.05853	-1.6812E-8
89.08424	-1.61708E-8
89.10994	-1.7034E-8
89.13566	-1.70608E-8
89.16136	-1.63486E-8
89.18706	-1.70506E-8
89.21277	-1.63253E-8
89.23847	-1.6117E-8
89.26418	-1.68541E-8
89.2899	-1.61203E-8
89.31559	-1.60421E-8
89.3413	-1.63332E-8
89.36703	-1.61144E-8
89.39274	-1.6062E-8
89.41843	-1.67877E-8
89.44418	-1.6339E-8
89.46988	-1.60734E-8
89.49557	-1.62503E-8
89.52132	-1.61179E-8
89.54702	-1.608E-8
89.57272	-1.64745E-8
89.59843	-1.60857E-8
89.62414	-1.60938E-8
89.64983	-1.60891E-8
89.67557	-1.70919E-8
89.70125	-1.66828E-8
89.72694	-1.61663E-8
89.75268	-1.61005E-8
89.77836	-1.61315E-8
89.80405	-1.61176E-8
89.82976	-1.59928E-8
89.85545	-1.58999E-8
89.88115	-1.62735E-8
89.90689	-1.58587E-8
89.93259	-1.58638E-8
89.95831	-1.58946E-8
89.98402	-1.58826E-8
90.00971	-1.58737E-8
90.03542	-1.58288E-8
90.06113	-1.6741E-8
90.08684	-1.68232E-8
90.11254	-1.678E-8
90.13828	-1.59561E-8
90.16396	-1.57831E-8
90.18967	-1.58638E-8
90.2154	-1.58605E-8
90.24109	-1.58446E-8
90.26679	-1.58815E-8
90.29252	-1.58816E-8
90.31821	-1.58622E-8
90.34393	-1.58972E-8
90.36964	-1.64155E-8
90.39535	-1.61681E-8
90.42106	-1.66638E-8
90.44678	-1.59502E-8
90.4725	-1.59845E-8
90.49821	-1.62433E-8
90.52393	-1.58362E-8
90.54963	-1.64943E-8
90.57536	-1.58753E-8
90.60107	-1.59004E-8
90.62676	-1.58425E-8
90.6525	-1.58634E-8
90.6782	-1.58624E-8
90.70391	-1.58828E-8
90.72964	-1.58433E-8
90.75535	-1.58938E-8
90.78104	-1.58627E-8
90.80679	-1.58572E-8
90.83248	-1.607E-8
90.85818	-1.60564E-8
90.88391	-1.6533E-8
90.90961	-1.70921E-8
90.93532	-1.60822E-8
90.96105	-1.60375E-8
90.98676	-1.60313E-8
91.01246	-1.60751E-8
91.03819	-1.60426E-8
91.06389	-1.60745E-8
91.08961	-1.7027E-8
91.11533	-1.63892E-8
91.14103	-1.60878E-8
91.16673	-1.60331E-8
91.19244	-1.60316E-8
91.21816	-1.68232E-8
91.24387	-1.60675E-8
91.26958	-1.60481E-8
91.29529	-1.60773E-8
91.32099	-1.67315E-8
91.3467	-1.6467E-8
91.37241	-1.5975E-8
91.39814	-1.58908E-8
91.42384	-1.58763E-8
91.44955	-1.58022E-8
91.4753	-1.58857E-8
91.50101	-1.58507E-8
91.52671	-1.68441E-8
91.55244	-1.67899E-8
91.57815	-1.63986E-8
91.60384	-1.6328E-8
91.62955	-1.58889E-8
91.65525	-1.58781E-8
91.68095	-1.59866E-8
91.70668	-1.58539E-8
91.73237	-1.61487E-8
91.75806	-1.58647E-8
91.78378	-1.5877E-8
91.80947	-1.59993E-8
91.83517	-1.67904E-8
91.86087	-1.585E-8
91.88657	-1.61345E-8
91.91227	-1.59181E-8
91.938	-1.62137E-8
91.9637	-1.58357E-8
91.98938	-1.64643E-8
92.0151	-1.60412E-8
92.0408	-1.59186E-8
92.06649	-1.67038E-8
92.09223	-1.65621E-8
92.11791	-1.59881E-8
92.14363	-1.58562E-8
92.16936	-1.58161E-8
92.19505	-1.58993E-8
92.22076	-1.58058E-8
92.2465	-1.60384E-8
92.27219	-1.65347E-8
92.29789	-1.6773E-8
92.32362	-1.58937E-8
92.34932	-1.58301E-8
92.37503	-1.58898E-8
92.40076	-1.61635E-8
92.42648	-1.60474E-8
92.45219	-1.60337E-8
92.47791	-1.60802E-8
92.50362	-1.60431E-8
92.52934	-1.60721E-8
92.55503	-1.60258E-8
92.58075	-1.60611E-8
92.60647	-1.60537E-8
92.63219	-1.60298E-8
92.65789	-1.60381E-8
92.68362	-1.61016E-8
92.70934	-1.60723E-8
92.73502	-1.60597E-8
92.76076	-1.60542E-8
92.78646	-1.61105E-8
92.81218	-1.61004E-8
92.83791	-1.61022E-8
92.8636	-1.61093E-8
92.88929	-1.64565E-8
92.91503	-1.70215E-8
92.94073	-1.70679E-8
92.96644	-1.60559E-8
92.99216	-1.60824E-8
93.01784	-1.60437E-8
93.04356	-1.60728E-8
93.06928	-1.60617E-8
93.09499	-1.64192E-8
93.12069	-1.61178E-8
93.14642	-1.64762E-8
93.17211	-1.60663E-8
93.19783	-1.61781E-8
93.22357	-1.70892E-8
93.24925	-1.64654E-8
93.27496	-1.60823E-8
93.30068	-1.60576E-8
93.32639	-1.61251E-8
93.3521	-1.6125E-8
93.37783	-1.60778E-8
93.40353	-1.60907E-8
93.42924	-1.67027E-8
93.45496	-1.60938E-8
93.48069	-1.60297E-8
93.50643	-1.60388E-8
93.53215	-1.61593E-8
93.55786	-1.66402E-8
93.58358	-1.70535E-8
93.60928	-1.70436E-8
93.63498	-1.61183E-8
93.6607	-1.6071E-8
93.68639	-1.60889E-8
93.71208	-1.60523E-8
93.73781	-1.60382E-8
93.76351	-1.60535E-8
93.7892	-1.67897E-8
93.81493	-1.70208E-8
93.84061	-1.69942E-8
93.8663	-1.70662E-8
93.89204	-1.60347E-8
93.91774	-1.69368E-8
93.94343	-1.60973E-8
93.96916	-1.60592E-8
93.99484	-1.60639E-8
94.02055	-1.62341E-8
94.04626	-1.68475E-8
94.07195	-1.63844E-8
94.09766	-1.66381E-8
94.12339	-1.60506E-8
94.14908	-1.60469E-8
94.17479	-1.63441E-8
94.20051	-1.69451E-8
94.2262	-1.61898E-8
94.25192	-1.6057E-8
94.27764	-1.6088E-8
94.30333	-1.6145E-8
94.32905	-1.64973E-8
94.35479	-1.70163E-8
94.3805	-1.60391E-8
94.40621	-1.62231E-8
94.43194	-1.60829E-8
94.45763	-1.60373E-8
94.48337	-1.6052E-8
94.50907	-1.60889E-8
94.53476	-1.70118E-8
94.56048	-1.62336E-8
94.5862	-1.60013E-8
94.61191	-1.59897E-8
94.63763	-1.60259E-8
94.66334	-1.60892E-8
94.68904	-1.6049E-8
94.71478	-1.60197E-8
94.74049	-1.62003E-8
94.7662	-1.60343E-8
94.79192	-1.70578E-8
94.81762	-1.70077E-8
94.84331	-1.61206E-8
94.86903	-1.60643E-8
94.89472	-1.60619E-8
94.92042	-1.60573E-8
94.94614	-1.66941E-8
94.97183	-1.60951E-8
94.99753	-1.60701E-8
95.02326	-1.60405E-8
95.04896	-1.60085E-8
95.07466	-1.60303E-8
95.10039	-1.69409E-8
95.12608	-1.65156E-8
95.15178	-1.61504E-8
95.17751	-1.60257E-8
95.20321	-1.60014E-8
95.22891	-1.59925E-8
95.25463	-1.60235E-8
95.28032	-1.60073E-8
95.30603	-1.60353E-8
95.33176	-1.60531E-8
95.35745	-1.64615E-8
95.38316	-1.70041E-8
95.40888	-1.70136E-8
95.43458	-1.70121E-8
95.46028	-1.69696E-8
95.48601	-1.69825E-8
95.5117	-1.60771E-8
95.53743	-1.60151E-8
95.56316	-1.6043E-8
95.58885	-1.60539E-8
95.61459	-1.61381E-8
95.64028	-1.60643E-8
95.66597	-1.60543E-8
95.69169	-1.60547E-8
95.71739	-1.67535E-8
95.7431	-1.65923E-8
95.76882	-1.69922E-8
95.79452	-1.70293E-8
95.82023	-1.70728E-8
95.84595	-1.60476E-8
95.87167	-1.60453E-8
95.89738	-1.6485E-8
95.9231	-1.60665E-8
95.94881	-1.60462E-8
95.97453	-1.60699E-8
96.00024	-1.60889E-8
96.02595	-1.70571E-8
96.05164	-1.70791E-8
96.07736	-1.69011E-8
96.10307	-1.60271E-8
96.12878	-1.68264E-8
96.15451	-1.69075E-8
96.18021	-1.60137E-8
96.20592	-1.60607E-8
96.23164	-1.60437E-8
96.25733	-1.60294E-8
96.28305	-1.60491E-8
96.30879	-1.60826E-8
96.33449	-1.6894E-8
96.36021	-1.67926E-8
96.38593	-1.6085E-8
96.41162	-1.61789E-8
96.43734	-1.68033E-8
96.46304	-1.60193E-8
96.48875	-1.60608E-8
96.51447	-1.61607E-8
96.54018	-1.69689E-8
96.5659	-1.71559E-8
96.59162	-1.63872E-8
96.61734	-1.60416E-8
96.64304	-1.59844E-8
96.66879	-1.6073E-8
96.69449	-1.59964E-8
96.72019	-1.60427E-8
96.74593	-1.5993E-8
96.77164	-1.60335E-8
96.79734	-1.60303E-8
96.82306	-1.70475E-8
96.84875	-1.60593E-8
96.87444	-1.6176E-8
96.90016	-1.69891E-8
96.92587	-1.60658E-8
96.95155	-1.60114E-8
96.97729	-1.59926E-8
97.00298	-1.61127E-8
97.02866	-1.6241E-8
97.05441	-1.70236E-8
97.0801	-1.70886E-8
97.10581	-1.62068E-8
97.13152	-1.6069E-8
97.15722	-1.60316E-8
97.18294	-1.68942E-8
97.20866	-1.60212E-8
97.23434	-1.60337E-8
97.26005	-1.60032E-8
97.28577	-1.60351E-8
97.31147	-1.60116E-8
97.33719	-1.60328E-8
97.36292	-1.65926E-8
97.38862	-1.64539E-8
97.41434	-1.61789E-8
97.44006	-1.59952E-8
97.46576	-1.60435E-8
97.49149	-1.606E-8
97.51719	-1.60422E-8
97.54291	-1.60388E-8
97.56862	-1.6051E-8
97.59434	-1.606E-8
97.62004	-1.60476E-8
97.64578	-1.59752E-8
97.6715	-1.6019E-8
97.69722	-1.60508E-8
97.72294	-1.60595E-8
97.74865	-1.60119E-8
97.77435	-1.70059E-8
97.80007	-1.70446E-8
97.82577	-1.69865E-8
97.85146	-1.62382E-8
97.8772	-1.60225E-8
97.9029	-1.60433E-8
97.92862	-1.60371E-8
97.95435	-1.59711E-8
97.98004	-1.60136E-8
98.00576	-1.60207E-8
98.03151	-1.60262E-8
98.05719	-1.59554E-8
98.08289	-1.63483E-8
98.10862	-1.69883E-8
98.13433	-1.66277E-8
98.16007	-1.67415E-8
98.18579	-1.69396E-8
98.21149	-1.59911E-8
98.23721	-1.59655E-8
98.26291	-1.67383E-8
98.28861	-1.68711E-8
98.31433	-1.62289E-8
98.34003	-1.60277E-8
98.36574	-1.59778E-8
98.39148	-1.60533E-8
98.41718	-1.70077E-8
98.44288	-1.64381E-8
98.46861	-1.60351E-8
98.4943	-1.60638E-8
98.52	-1.60562E-8
98.54574	-1.60366E-8
98.57144	-1.6062E-8
98.59715	-1.65737E-8
98.62286	-1.69533E-8
98.64857	-1.64974E-8
98.67428	-1.59418E-8
98.70002	-1.61655E-8
98.72571	-1.64315E-8
98.75143	-1.59778E-8
98.77717	-1.59604E-8
98.80286	-1.59624E-8
98.82858	-1.59351E-8
98.85432	-1.59487E-8
98.88001	-1.59378E-8
98.90574	-1.59595E-8
98.93146	-1.5929E-8
98.95716	-1.64211E-8
98.98289	-1.62898E-8
99.00861	-1.63355E-8
99.03432	-1.59746E-8
99.06005	-1.6899E-8
99.08576	-1.69202E-8
99.11146	-1.69221E-8
99.1372	-1.6904E-8
99.16292	-1.69191E-8
99.18863	-1.64813E-8
99.21435	-1.69382E-8
99.24004	-1.6931E-8
99.26573	-1.6186E-8
99.29149	-1.59351E-8
99.31718	-1.59247E-8
99.3429	-1.67538E-8
99.36862	-1.69089E-8
99.39432	-1.68113E-8
99.42001	-1.67458E-8
99.44574	-1.65641E-8
99.47144	-1.62705E-8
99.49714	-1.57469E-8
99.52286	-1.57554E-8
99.54856	-1.57773E-8
99.57427	-1.57517E-8
99.60001	-1.57988E-8
99.6257	-1.57783E-8
99.65142	-1.57366E-8
99.67712	-1.57982E-8
99.70284	-1.57492E-8
99.72858	-1.6099E-8
99.75429	-1.59543E-8
99.78	-1.58864E-8
99.80571	-1.57711E-8
99.83143	-1.57488E-8
99.85715	-1.57947E-8
99.88287	-1.63992E-8
99.90858	-1.57442E-8
99.93428	-1.57531E-8
99.96002	-1.57542E-8
99.98573	-1.57954E-8
100.01143	-1.66572E-8
100.03718	-1.67478E-8
100.06287	-1.68213E-8
100.08859	-1.63584E-8
100.11431	-1.61183E-8
100.14001	-1.69802E-8
100.16573	-1.6422E-8
100.19146	-1.60286E-8
100.21715	-1.59973E-8
100.24286	-1.60094E-8
100.26858	-1.60117E-8
100.29427	-1.62168E-8
100.32	-1.69747E-8
100.34571	-1.62826E-8
100.37142	-1.60008E-8
100.39715	-1.60096E-8
100.42286	-1.60485E-8
100.44857	-1.5986E-8
100.47428	-1.60095E-8
100.49998	-1.59769E-8
100.52568	-1.60937E-8
100.55141	-1.67786E-8
100.57713	-1.60268E-8
100.60284	-1.61002E-8
100.62858	-1.59888E-8
100.65427	-1.67872E-8
100.67999	-1.69758E-8
100.70571	-1.69986E-8
100.73141	-1.70249E-8
100.75712	-1.70606E-8
100.78283	-1.71326E-8
100.80853	-1.63517E-8
100.83422	-1.60238E-8
100.85995	-1.69851E-8
100.88564	-1.70361E-8
100.91133	-1.60121E-8
100.93705	-1.59881E-8
100.96275	-1.61764E-8
100.98844	-1.60492E-8
101.01418	-1.59862E-8
101.03987	-1.60222E-8
101.06556	-1.60246E-8
101.09129	-1.59597E-8
101.11699	-1.63213E-8
101.14272	-1.68603E-8
101.16844	-1.69854E-8
101.19415	-1.70004E-8
101.21985	-1.59952E-8
101.24557	-1.59875E-8
101.27127	-1.6231E-8
101.29697	-1.67487E-8
101.32272	-1.6325E-8
101.34842	-1.69789E-8
101.37415	-1.64154E-8
101.39986	-1.60512E-8
101.42558	-1.61571E-8
101.4513	-1.6041E-8
101.47701	-1.59863E-8
101.50272	-1.60176E-8
101.52846	-1.5996E-8
101.55418	-1.59852E-8
101.57988	-1.65429E-8
101.60561	-1.65303E-8
101.63132	-1.60038E-8
101.65702	-1.65937E-8
101.68275	-1.69908E-8
101.70847	-1.702E-8
101.73418	-1.6472E-8
101.7599	-1.60209E-8
101.78559	-1.60111E-8
101.8113	-1.61692E-8
101.83705	-1.60105E-8
101.86275	-1.63017E-8
101.88845	-1.64063E-8
101.91418	-1.62229E-8
101.93987	-1.70331E-8
101.9656	-1.62727E-8
101.99131	-1.60361E-8
102.01702	-1.6009E-8
102.04276	-1.651E-8
102.06847	-1.67164E-8
102.09417	-1.69699E-8
102.1199	-1.6995E-8
102.14561	-1.69982E-8
102.17132	-1.60069E-8
102.19704	-1.60365E-8
102.22275	-1.60184E-8
102.24845	-1.62687E-8
102.2742	-1.60621E-8
102.2999	-1.60396E-8
102.32561	-1.65854E-8
102.35132	-1.60122E-8
102.37702	-1.59648E-8
102.40272	-1.60329E-8
102.42846	-1.64646E-8
102.45415	-1.61736E-8
102.47986	-1.6056E-8
102.50558	-1.59836E-8
102.53127	-1.6016E-8
102.55698	-1.61431E-8
102.5827	-1.61557E-8
102.60839	-1.70117E-8
102.63409	-1.67793E-8
102.65981	-1.59797E-8
102.68551	-1.60399E-8
102.71123	-1.60296E-8
102.73696	-1.60049E-8
102.76267	-1.59996E-8
102.7884	-1.61193E-8
102.8141	-1.66788E-8
102.83982	-1.59882E-8
102.86555	-1.60301E-8
102.89126	-1.70329E-8
102.91696	-1.70392E-8
102.94268	-1.6765E-8
102.96838	-1.63547E-8
102.99409	-1.61873E-8
103.01984	-1.66585E-8
103.04555	-1.65338E-8
103.07124	-1.59673E-8
103.09698	-1.60062E-8
103.1227	-1.60204E-8
103.14841	-1.60311E-8
103.17412	-1.60228E-8
103.19982	-1.59949E-8
103.22551	-1.59855E-8
103.25125	-1.60163E-8
103.27695	-1.59887E-8
103.30266	-1.59872E-8
103.32838	-1.64253E-8
103.35406	-1.69836E-8
103.37978	-1.70067E-8
103.4055	-1.69994E-8
103.4312	-1.65323E-8
103.45689	-1.60134E-8
103.48262	-1.63597E-8
103.50831	-1.69852E-8
103.53402	-1.62593E-8
103.55976	-1.60091E-8
103.58545	-1.59682E-8
103.61115	-1.59562E-8
103.63689	-1.61884E-8
103.6626	-1.69656E-8
103.68832	-1.69532E-8
103.71404	-1.59848E-8
103.73974	-1.62702E-8
103.76545	-1.59932E-8
103.79117	-1.62072E-8
103.81687	-1.69999E-8
103.84258	-1.68434E-8
103.86828	-1.70157E-8
103.89397	-1.65241E-8
103.9197	-1.69746E-8
103.9454	-1.60368E-8
103.97112	-1.61729E-8
103.99687	-1.68351E-8
104.02258	-1.5984E-8
104.04829	-1.59411E-8
104.07401	-1.60503E-8
104.09971	-1.59162E-8
104.12542	-1.59219E-8
104.15114	-1.5932E-8
104.17684	-1.64434E-8
104.20252	-1.59895E-8
104.22827	-1.59629E-8
104.25397	-1.59221E-8
104.27969	-1.58878E-8
104.3054	-1.59426E-8
104.3311	-1.59219E-8
104.35681	-1.59576E-8
104.38253	-1.62276E-8
104.40823	-1.59422E-8
104.43393	-1.63064E-8
104.45965	-1.60604E-8
104.48533	-1.6531E-8
104.51102	-1.69116E-8
104.53677	-1.69034E-8
104.56245	-1.6458E-8
104.58817	-1.69526E-8
104.6139	-1.60406E-8
104.63959	-1.59132E-8
104.66532	-1.60355E-8
104.69103	-1.59584E-8
104.71675	-1.59478E-8
104.74248	-1.59865E-8
104.76819	-1.59382E-8
104.79388	-1.59636E-8
104.81962	-1.59569E-8
104.84533	-1.59156E-8
104.87104	-1.59368E-8
104.89677	-1.59666E-8
104.92245	-1.59111E-8
104.94816	-1.63675E-8
104.97389	-1.59346E-8
104.9996	-1.65204E-8
105.02531	-1.69229E-8
105.05103	-1.64493E-8
105.07674	-1.59615E-8
105.10243	-1.59475E-8
105.12815	-1.59375E-8
105.15385	-1.59124E-8
105.17953	-1.59257E-8
105.20528	-1.59131E-8
105.23098	-1.59735E-8
105.25669	-1.59791E-8
105.28242	-1.59533E-8
105.30814	-1.59579E-8
105.33384	-1.59029E-8
105.35957	-1.69295E-8
105.38526	-1.64652E-8
105.41096	-1.59149E-8
105.43669	-1.6072E-8
105.46237	-1.60123E-8
105.48808	-1.59186E-8
105.5138	-1.59016E-8
105.53949	-1.69313E-8
105.56522	-1.68844E-8
105.59093	-1.69459E-8
105.61663	-1.64094E-8
105.64236	-1.67902E-8
105.99758	-1.71454E-8
106.02297	-1.71843E-8
106.04869	-1.80754E-8
106.07442	-1.81414E-8
106.10012	-1.71668E-8
106.12581	-1.72936E-8
106.15154	-1.72641E-8
106.17724	-1.72632E-8
106.20293	-1.72845E-8
106.22865	-1.73044E-8
106.25434	-1.82836E-8
106.28003	-1.80252E-8
106.30577	-1.73173E-8
106.33146	-1.72601E-8
106.35716	-1.72899E-8
106.38288	-1.72967E-8
106.40858	-1.74049E-8
106.4343	-1.73165E-8
106.46003	-1.82518E-8
106.48574	-1.77902E-8
106.51146	-1.75127E-8
106.53717	-1.82511E-8
106.56288	-1.73308E-8
106.58861	-1.72629E-8
106.61435	-1.72609E-8
106.64007	-1.80801E-8
106.66579	-1.72725E-8
106.69153	-1.72812E-8
106.71723	-1.74881E-8
106.74296	-1.70738E-8
106.76867	-1.7526E-8
106.79439	-1.74786E-8
106.82011	-1.70725E-8
106.84581	-1.70893E-8
106.87151	-1.64121E-8
106.89723	-1.7055E-8
106.92293	-1.7115E-8
106.94863	-1.8043E-8
106.97436	-1.80586E-8