0.35514	0
0.38053	1
0.40626	1
0.43196	1
0.45765	1
0.4834	0
0.50908	0
0.53481	0
0.56051	0
0.5862	0
0.61192	0
0.63762	1
0.66333	0
0.68904	0
0.71474	0
0.74043	1
0.76615	1
0.79186	1
0.81756	1
0.84327	1
0.86898	1
0.89467	0
0.92038	0
0.94611	0
0.97179	1
0.9975	1
1.02322	0
1.04892	0
1.07464	0
1.10035	0
1.12607	0
1.15177	0
1.17751	1
1.2032	0
1.22894	0
1.25468	0
1.28038	1
1.30611	0
1.33183	1
1.35754	1
1.38329	0
1.409	0
1.43471	0
1.46043	0
1.48613	0
1.51184	1
1.53756	1
1.56325	1
1.58895	1
1.61468	1
1.64037	1
1.66608	1
1.69182	0
1.7175	0
1.7432	0
1.76893	0
1.79463	0
1.82033	0
1.84605	0
1.87175	0
1.89747	0
1.92321	0
1.94893	0
1.97467	1
2.00038	0
2.02609	0
2.05182	0
2.07753	0
2.10323	0
2.12896	0
2.15466	0
2.18035	0
2.2061	0
2.23179	0
2.25747	0
2.28321	0
2.30891	0
2.33463	1
2.36034	1
2.38604	1
2.41174	0
2.43746	1
2.46316	1
2.48886	1
2.5146	0
2.54028	0
2.56597	0
2.59171	0
2.6174	0
2.64311	1
2.66883	1
2.69452	1
2.72022	0
2.74595	0
2.77166	0
2.79736	1
2.8231	1
2.8488	1
2.87454	1
2.90028	1
2.926	0
2.95174	1
2.97745	0
3.00314	1
3.02888	1
3.05458	1
3.08025	0
3.10599	0
3.13169	0
3.15737	0
3.18312	0
3.20882	0
3.23448	0
3.26022	1
3.28592	1
3.31164	1
3.33736	1
3.36305	1
3.38876	1
3.41448	0
3.44016	0
3.46588	0
3.4916	0
3.51731	0
3.54301	0
3.56873	0
3.59442	0
3.62012	0
3.64586	0
3.67157	0
3.69727	0
3.723	1
3.74869	0
3.77438	1
3.80012	1
3.82584	1
3.85157	1
3.87729	1
3.90301	1
3.92874	0
3.95445	1
3.98016	1
4.00589	1
4.03159	0
4.05727	0
4.08303	0
4.10871	0
4.13443	0
4.16014	0
4.18584	0
4.21156	0
4.23728	0
4.26298	0
4.28869	0
4.31442	1
4.34011	1
4.36581	0
4.39154	0
4.41723	0
4.44295	0
4.46868	0
4.49439	0
4.52008	0
4.54582	0
4.57155	1
4.59728	1
4.62301	1
4.64871	1
4.67445	1
4.70016	1
4.72585	1
4.75157	1
4.77726	1
4.80296	1
4.82868	1
4.85437	1
4.88006	1
4.90581	1
4.93151	1
4.95719	1
4.98292	1
5.0086	0
5.03429	0
5.06004	0
5.08574	0
5.11146	0
5.13719	0
5.16288	0
5.18858	0
5.21431	0
5.24001	1
5.26571	1
5.29143	0
5.31712	1
5.34282	1
5.36856	1
5.39426	1
5.41996	1
5.44568	1
5.47138	1
5.49709	1
5.52283	1
5.54854	1
5.57428	0
5.6	0
5.6257	0
5.65144	0
5.67715	0
5.70285	0
5.72859	0
5.75429	0
5.77998	0
5.80572	0
5.83142	0
5.85714	1
5.88284	1
5.90855	1
5.93426	1
5.95998	1
5.98567	0
6.01137	0
6.03709	0
6.06279	0
6.0885	0
6.11424	0
6.13995	0
6.16565	1
6.19138	1
6.21709	1
6.24282	1
6.26855	1
6.29426	1
6.31999	1
6.34571	1
6.37141	1
6.39715	1
6.42287	1
6.44856	1
6.47431	0
6.5	0
6.52569	0
6.55143	0
6.57712	0
6.60284	0
6.62855	0
6.65424	0
6.67995	0
6.70567	0
6.73136	0
6.75707	0
6.78281	0
6.8085	0
6.8342	0
6.85995	0
6.88565	1
6.91136	1
6.9371	1
6.9628	1
6.98853	1
7.01427	1
7.03998	1
7.06571	1
7.09141	0
7.11711	1
7.14284	1
7.16855	1
7.19425	1
7.21999	1
7.24569	0
7.27142	0
7.29713	0
7.32282	0
7.34854	1
7.37426	0
7.39997	0
7.42567	0
7.45139	1
7.47709	1
7.5028	1
7.52853	0
7.55424	0
7.57995	0
7.60569	0
7.6314	0
7.65714	0
7.68286	1
7.70857	0
7.73431	0
7.76002	0
7.78572	0
7.81146	0
7.83715	0
7.86283	0
7.88856	0
7.91426	1
7.93994	1
7.96569	1
7.99138	1
8.01711	1
8.04283	0
8.06853	0
8.09424	0
8.11998	0
8.14568	0
8.17138	0
8.19711	1
8.22282	1
8.24853	1
8.27426	1
8.29996	1
8.32569	1
8.35143	1
8.37714	1
8.40288	1
8.42858	0
8.45428	0
8.48002	1
8.50574	0
8.53142	0
8.55715	0
8.58285	0
8.60853	0
8.63428	0
8.65998	0
8.68566	0
8.7114	1
8.73709	0
8.76281	0
8.78853	0
8.81423	0
8.83992	1
8.86565	1
8.89134	1
8.91705	1
8.94278	1
8.96847	1
8.99417	1
9.01991	1
9.0456	0
9.0713	0
9.09704	0
9.12274	0
9.14843	0
9.17418	0
9.1999	0
9.22562	0
9.25135	1
9.27706	1
9.30279	1
9.32851	1
9.35421	0
9.37995	1
9.40565	1
9.43134	1
9.45708	0
9.48279	1
9.5085	1
9.53422	1
9.55991	1
9.58561	1
9.61132	0
9.637	0
9.66273	0
9.68845	0
9.71414	0
9.73985	0
9.76558	0
9.79127	0
9.81697	0
9.8427	0
9.8684	0
9.8941	0
9.91983	0
9.94555	0
9.97127	0
9.997	0
10.02271	0
10.04843	0
10.07415	0
10.09986	0
10.12561	0
10.15133	0
10.17701	1
10.20275	0
10.22845	0
10.25414	0
10.27988	0
10.30559	0
10.3313	0
10.35701	0
10.38269	0
10.40841	0
10.43412	0
10.45981	0
10.48552	0
10.51124	0
10.53693	0
10.56263	0
10.58835	0
10.61404	0
10.63975	0
10.66548	1
10.69117	0
10.71688	0
10.74262	1
10.76831	0
10.79401	0
10.81976	0
10.84545	1
10.87114	0
10.89689	0
10.9226	0
10.94832	0
10.97404	0
10.99975	1
11.02548	0
11.05119	0
11.0769	0
11.10264	1
11.12834	0
11.15403	0
11.17977	1
11.20546	1
11.23114	0
11.25688	0
11.28257	0
11.30827	0
11.33401	0
11.3597	0
11.38542	0
11.41113	0
11.43682	0
11.46253	1
11.48824	1
11.51394	1
11.53964	1
11.56537	1
11.59105	1
11.61676	1
11.64249	1
11.66818	1
11.69389	0
11.71963	0
11.74534	0
11.77104	0
11.79678	0
11.82248	0
11.8482	0
11.87392	0
11.89964	0
11.92538	0
11.95108	0
11.97679	0
12.00252	0
12.02824	0
12.05393	1
12.07966	0
12.10536	0
12.13107	0
12.15681	1
12.1825	0
12.20822	1
12.23394	1
12.25964	1
12.28534	1
12.31106	0
12.33675	0
12.36246	0
12.38818	0
12.41387	0
12.43958	0
12.46531	1
12.49101	0
12.51671	0
12.54244	0
12.56816	1
12.59385	1
12.61959	1
12.6453	1
12.67102	0
12.69675	0
12.72245	1
12.74819	0
12.77392	0
12.79961	0
12.82534	1
12.85104	0
12.87673	1
12.90246	0
12.92817	1
12.95385	1
12.97959	1
13.00528	1
13.031	0
13.05671	0
13.0824	0
13.10812	0
13.13383	0
13.15952	0
13.18523	0
13.21096	0
13.23664	0
13.26235	1
13.28807	0
13.31377	0
13.33947	0
13.36519	0
13.39089	0
13.41659	0
13.44231	0
13.46801	1
13.4937	1
13.51943	1
13.54513	0
13.57083	1
13.59656	1
13.62226	1
13.64795	1
13.67371	0
13.69942	0
13.72515	1
13.75088	0
13.77659	0
13.80231	0
13.82803	0
13.85373	0
13.87945	0
13.90516	0
13.93085	0
13.95657	0
13.98229	0
14.00797	0
14.03371	0
14.05939	0
14.08509	0
14.11084	0
14.13652	0
14.16223	0
14.18793	0
14.21362	0
14.23933	0
14.26504	0
14.29073	0
14.31642	0
14.34215	0
14.36785	0
14.39356	0
14.41929	0
14.44497	0
14.47068	1
14.49642	0
14.5221	1
14.54782	1
14.57355	0
14.59925	0
14.62494	0
14.65066	0
14.67635	1
14.70206	1
14.72778	0
14.75348	1
14.77919	1
14.8049	1
14.83061	0
14.85634	0
14.88206	0
14.90777	0
14.93349	0
14.95921	0
14.98492	0
15.01064	0
15.03635	0
15.06206	0
15.08778	1
15.11348	1
15.13918	0
15.16493	0
15.19062	1
15.21629	1
15.24204	0
15.26773	0
15.29341	0
15.31913	1
15.34483	1
15.37052	1
15.39627	0
15.42195	1
15.44764	1
15.47338	1
15.49908	1
15.52479	0
15.55052	0
15.5762	0
15.60191	1
15.62763	1
15.65333	1
15.67902	1
15.70476	1
15.73045	1
15.75616	1
15.78189	0
15.8076	0
15.8333	1
15.85903	1
15.88474	1
15.91048	0
15.9362	0
15.96191	0
15.98763	0
16.01335	0
16.03905	0
16.06479	0
16.09048	0
16.11619	0
16.14193	0
16.16763	0
16.19332	0
16.21907	0
16.24475	0
16.27047	0
16.29618	0
16.32187	0
16.34757	0
16.37328	0
16.39897	0
16.42468	0
16.45039	0
16.47608	0
16.50179	0
16.52749	0
16.55318	0
16.57889	1
16.6046	0
16.63028	0
16.65596	1
16.6817	1
16.70739	1
16.73312	0
16.75883	0
16.78452	0
16.81024	0
16.83595	1
16.86164	1
16.88735	1
16.91309	1
16.93879	0
16.96449	0
16.99022	0
17.01592	0
17.04162	1
17.06734	1
17.09305	0
17.11875	1
17.14449	1
17.17019	1
17.19594	0
17.22166	0
17.24737	0
17.2731	0
17.29882	0
17.32452	0
17.35025	0
17.37596	0
17.40165	1
17.4274	0
17.45308	1
17.4788	1
17.50451	1
17.53021	1
17.55592	1
17.58162	0
17.60731	0
17.63302	0
17.65873	1
17.68443	1
17.71014	0
17.73586	0
17.76154	0
17.78724	0
17.81297	0
17.83866	0
17.86436	0
17.89008	0
17.91577	0
17.94147	0
17.96719	0
17.99288	0
18.01859	1
18.04432	0
18.07002	0
18.09571	0
18.12144	1
18.14712	0
18.17282	0
18.19856	0
18.22425	0
18.24997	0
18.27571	0
18.30143	0
18.32716	0
18.35289	0
18.37859	1
18.40432	1
18.43003	1
18.45573	1
18.48147	1
18.50718	0
18.53287	1
18.55859	1
18.58429	1
18.60998	1
18.6357	1
18.66141	1
18.68709	0
18.71282	0
18.73853	0
18.76424	0
18.78995	0
18.81564	1
18.84135	1
18.86707	1
18.89277	0
18.91847	0
18.94421	0
18.96989	0
18.99561	0
19.02134	0
19.04704	0
19.07273	0
19.09846	0
19.12418	0
19.14988	0
19.17562	0
19.20132	0
19.22707	0
19.25279	0
19.27848	0
19.30422	1
19.32994	1
19.35564	1
19.38137	1
19.40707	1
19.43276	1
19.4585	1
19.4842	0
19.50988	0
19.53563	0
19.56132	0
19.58704	0
19.61275	0
19.63844	0
19.66416	0
19.68989	0
19.71559	0
19.74129	0
19.76703	0
19.79272	0
19.81842	0
19.84415	0
19.86987	0
19.89558	0
19.92133	0
19.94703	0
19.97276	0
19.99848	0
20.0242	0
20.04993	0
20.07565	0
20.10135	0
20.12709	0
20.15279	0
20.1785	0
20.20424	0
20.22994	0
20.25565	0
20.28139	0
20.30708	0
20.33279	0
20.35852	0
20.38421	1
20.40992	0
20.43565	0
20.46136	0
20.48711	1
20.51282	1
20.53853	0
20.56427	0
20.58998	0
20.61569	1
20.64143	1
20.66714	0
20.69283	0
20.71856	0
20.74426	0
20.76994	0
20.79567	0
20.82137	0
20.84704	0
20.87278	0
20.89848	0
20.92418	1
20.94991	1
20.97561	1
21.00133	0
21.02705	0
21.05274	0
21.07844	0
21.10418	0
21.12987	0
21.15558	0
21.1813	0
21.207	0
21.23271	0
21.25845	0
21.28416	0
21.30988	1
21.33561	1
21.36133	0
21.38704	0
21.41276	0
21.43847	1
21.4642	1
21.48991	1
21.51561	1
21.54135	0
21.56707	0
21.59277	0
21.6185	0
21.64419	0
21.66991	0
21.69564	0
21.72134	1
21.74704	0
21.77278	0
21.79847	0
21.82417	0
21.8499	0
21.87559	1
21.9013	1
21.92703	0
21.95274	1
21.97844	1
22.00419	0
22.0299	0
22.05562	0
22.08134	0
22.10707	1
22.1328	1
22.1585	0
22.1842	0
22.20995	0
22.23565	1
22.26135	0
22.28709	0
22.31279	0
22.3385	1
22.36425	1
22.38994	0
22.41565	0
22.44137	0
22.46707	0
22.49277	0
22.5185	0
22.54421	0
22.56992	0
22.59566	0
22.62137	0
22.64709	0
22.67282	0
22.69852	1
22.72426	1
22.74998	1
22.77569	1
22.80144	0
22.82714	1
22.85281	1
22.87853	1
22.90422	1
22.92992	1
22.95566	1
22.98135	0
23.00708	0
23.03278	0
23.05846	1
23.08413	0
23.10988	0
23.13558	0
23.16129	1
23.187	0
23.21269	0
23.2384	0
23.26412	0
23.2898	0
23.31552	0
23.34125	0
23.36693	0
23.39265	1
23.41837	1
23.44408	1
23.46977	0
23.4955	0
23.5212	0
23.54688	0
23.5726	1
23.5983	0
23.624	1
23.64975	1
23.67546	1
23.70119	1
23.72692	0
23.75263	1
23.77837	1
23.80407	1
23.82979	1
23.85552	0
23.88123	0
23.90692	0
23.93265	0
23.95834	0
23.98403	0
24.00976	0
24.03546	0
24.06115	0
24.08689	0
24.11258	0
24.13826	0
24.164	0
24.1897	1
24.21541	1
24.24112	0
24.26681	0
24.29253	0
24.31824	0
24.34394	0
24.36965	0
24.39538	0
24.42107	0
24.44678	0
24.47251	0
24.49821	1
24.52389	1
24.54963	0
24.57532	1
24.60102	0
24.62675	0
24.65246	1
24.67815	0
24.70388	0
24.72957	0
24.75526	0
24.781	0
24.80669	0
24.83241	0
24.85813	0
24.88384	0
24.90957	0
24.93529	0
24.96099	0
24.98671	0
25.01241	0
25.03811	0
25.06385	1
25.08956	1
25.11525	0
25.14097	1
25.16667	0
25.19236	1
25.2181	1
25.24379	0
25.26948	0
25.2952	0
25.3209	0
25.34661	0
25.37234	0
25.39804	0
25.42375	0
25.44947	0
25.47516	0
25.50087	0
25.5266	0
25.55229	0
25.57799	0
25.60371	0
25.62939	0
25.6551	0
25.68084	0
25.70654	0
25.73223	0
25.75795	0
25.78364	1
25.80935	1
25.83507	1
25.86076	1
25.88647	1
25.91222	0
25.93791	1
25.96365	0
25.98938	0
26.01508	0
26.0408	0
26.06651	0
26.09221	0
26.11795	0
26.14364	0
26.16936	1
26.19508	0
26.22078	1
26.24648	1
26.27221	1
26.29791	0
26.3236	0
26.34934	1
26.37504	1
26.40074	1
26.42646	1
26.45216	0
26.47786	1
26.50357	1
26.52926	1
26.55497	0
26.58067	0
26.60637	0
26.63208	0
26.6578	0
26.68348	0
26.70919	0
26.73492	0
26.7606	0
26.78632	0
26.81205	0
26.83775	0
26.86345	0
26.88917	0
26.91488	0
26.94058	0
26.96631	0
26.99201	1
27.0177	1
27.04345	1
27.06915	1
27.09488	1
27.1206	1
27.14631	1
27.17203	1
27.19774	0
27.22345	0
27.24918	0
27.27489	0
27.30059	0
27.32631	0
27.35201	0
27.3777	0
27.40346	1
27.42914	1
27.45482	1
27.48057	1
27.50627	1
27.53198	1
27.55769	1
27.58338	1
27.60909	1
27.63482	1
27.6605	0
27.6862	0
27.71193	0
27.73764	0
27.76335	0
27.78906	0
27.81475	0
27.84047	1
27.8662	1
27.89189	1
27.91759	1
27.94332	1
27.96902	0
27.99472	0
28.02046	0
28.04616	0
28.0719	0
28.09763	0
28.12334	0
28.14908	0
28.17477	0
28.20048	0
28.22621	0
28.2519	0
28.27761	0
28.30334	0
28.32905	1
28.35473	1
28.38048	0
28.40618	0
28.43189	0
28.45759	0
28.48328	0
28.509	0
28.5347	0
28.5604	0
28.58611	0
28.61183	0
28.63753	0
28.66323	0
28.68895	0
28.71464	0
28.74035	1
28.76606	1
28.79176	1
28.81747	0
28.8432	0
28.86889	1
28.89458	0
28.92031	0
28.94603	0
28.97172	0
28.99746	0
29.02318	1
29.04889	1
29.07462	1
29.10032	1
29.12606	1
29.15177	1
29.17748	1
29.20322	1
29.22893	0
29.25462	1
29.28035	1
29.30605	0
29.33173	0
29.35746	0
29.38316	0
29.40885	0
29.43457	0
29.46027	0
29.48595	0
29.51171	0
29.53739	0
29.5631	1
29.58881	1
29.6145	1
29.64021	1
29.66592	1
29.69161	1
29.7173	1
29.74303	1
29.76872	1
29.79443	1
29.82014	1
29.84583	0
29.87154	1
29.89727	1
29.92295	1
29.94865	1
29.97437	1
30.00006	1
30.02577	1
30.05149	1
30.07719	1
30.1029	1
30.12861	0
30.1543	0
30.18002	0
30.20575	1
30.23144	1
30.25713	1
30.28287	1
30.30858	0
30.33429	1
30.36002	0
30.38572	1
30.41145	0
30.43717	0
30.46288	0
30.4886	0
30.51431	0
30.54002	0
30.56576	0
30.59146	0
30.61716	0
30.64289	0
30.6686	1
30.69428	1
30.72	1
30.74571	0
30.77139	0
30.79713	0
30.82283	0
30.84855	0
30.87428	0
30.89996	1
30.92566	0
30.9514	0
30.97708	0
31.00277	0
31.0285	0
31.0542	0
31.07991	0
31.10564	0
31.13133	0
31.15704	0
31.18276	0
31.20847	0
31.23417	0
31.25989	0
31.28559	0
31.31128	0
31.33703	0
31.36275	0
31.38848	0
31.4142	0
31.43991	0
31.46563	0
31.49133	1
31.51705	1
31.54278	1
31.56848	1
31.59418	0
31.61991	0
31.6456	0
31.67129	0
31.69702	0
31.72272	0
31.74841	0
31.77415	0
31.79985	0
31.82556	0
31.85128	0
31.87697	0
31.90268	0
31.92841	0
31.95411	0
31.97983	0
32.00557	0
32.03126	0
32.05696	0
32.08267	1
32.10836	1
32.13407	1
32.15979	0
32.1855	0
32.21121	1
32.23694	1
32.26264	1
32.28837	0
32.3141	0
32.33979	0
32.36553	1
32.39124	1
32.41695	1
32.4427	1
32.46841	1
32.49409	0
32.51982	0
32.54552	0
32.57121	0
32.59695	1
32.62265	1
32.64837	1
32.67406	0
32.69976	1
32.72547	1
32.75118	1
32.77687	1
32.80257	0
32.82829	0
32.854	1
32.8797	0
32.90542	0
32.93111	0
32.95683	0
32.98256	0
33.00826	0
33.03397	0
33.0597	0
33.0854	0
33.1111	0
33.13685	0
33.16257	0
33.18829	0
33.21401	0
33.23971	1
33.26545	0
33.29116	0
33.31686	0
33.3426	0
33.36831	1
33.394	0
33.41974	0
33.44543	0
33.47111	0
33.49686	1
33.52254	0
33.54827	1
33.57397	1
33.59966	1
33.62537	0
33.6511	0
33.67678	0
33.70249	1
33.7282	1
33.75388	0
33.77959	0
33.80532	0
33.83103	0
33.85674	0
33.88247	0
33.90816	0
33.93386	0
33.95959	0
33.98528	0
34.01099	0
34.03671	0
34.06239	1
34.0881	0
34.11383	0
34.13953	0
34.16525	1
34.19098	1
34.2167	0
34.24242	0
34.26814	1
34.29384	1
34.31957	1
34.34528	1
34.37099	0
34.39672	1
34.42242	1
34.44812	0
34.47385	0
34.49955	0
34.52523	0
34.55097	0
34.57666	0
34.60234	0
34.62806	0
34.65376	1
34.67948	1
34.7052	0
34.73089	0
34.7566	0
34.78233	0
34.80801	1
34.83373	0
34.85945	1
34.88515	1
34.91085	0
34.93657	0
34.96227	0
34.98796	0
35.01369	1
35.0394	1
35.06508	1
35.0908	1
35.11651	0
35.14223	1
35.16797	1
35.19368	0
35.21941	1
35.24514	0
35.27083	0
35.29656	0
35.32226	0
35.34796	0
35.37369	0
35.3994	0
35.42511	0
35.45084	1
35.47656	0
35.50224	1
35.52799	1
35.55369	1
35.5794	0
35.60511	1
35.6308	0
35.65651	0
35.68223	1
35.70792	1
35.73363	0
35.75935	1
35.78504	1
35.81075	1
35.83646	1
35.86216	1
35.88786	0
35.91359	0
35.93929	0
35.96499	1
35.99071	1
36.0164	1
36.04211	0
36.06785	1
36.09357	1
36.11927	0
36.145	0
36.17073	0
36.19646	0
36.22216	0
36.24788	0
36.27361	0
36.2993	0
36.325	0
36.35073	0
36.37644	0
36.40214	0
36.42786	0
36.45357	0
36.47926	0
36.505	0
36.5307	0
36.55641	0
36.58215	0
36.60784	1
36.63356	1
36.65927	1
36.68496	1
36.71066	0
36.7364	0
36.7621	0
36.78781	1
36.81353	0
36.83924	0
36.86493	0
36.89067	0
36.91638	0
36.94211	0
36.96784	0
36.99355	0
37.01928	0
37.045	0
37.07071	0
37.09645	0
37.12215	0
37.14783	0
37.17358	0
37.19927	0
37.22498	0
37.2507	1
37.27639	0
37.3021	0
37.32782	0
37.3535	0
37.37921	0
37.40492	0
37.43061	0
37.4563	1
37.48202	1
37.50771	1
37.53342	0
37.55914	0
37.58484	0
37.61053	1
37.63625	1
37.66196	1
37.68767	0
37.7134	0
37.73911	0
37.7648	0
37.79052	0
37.81623	0
37.84191	0
37.86765	1
37.89336	0
37.91908	0
37.94481	0
37.97053	1
37.99625	1
38.02196	1
38.04768	0
38.07342	0
38.09913	0
38.12483	0
38.15055	1
38.17627	1
38.20195	0
38.22769	1
38.25339	1
38.27906	1
38.30482	1
38.33051	1
38.35623	1
38.38197	1
38.40764	0
38.43334	0
38.45907	0
38.48477	0
38.51048	0
38.5362	0
38.56189	0
38.5876	0
38.61332	1
38.63901	1
38.66471	0
38.69043	1
38.71613	0
38.74184	1
38.76757	1
38.79328	0
38.81899	0
38.84472	0
38.87043	0
38.89614	1
38.92186	1
38.94758	1
38.9733	0
38.999	0
39.02471	0
39.05043	0
39.07613	0
39.10183	1
39.12756	0
39.15328	0
39.17896	0
39.20472	0
39.23042	1
39.25613	1
39.28185	1
39.30754	0
39.33324	0
39.35896	1
39.38465	1
39.41034	0
39.43605	0
39.46175	0
39.48744	1
39.51316	1
39.53885	1
39.56456	1
39.59029	0
39.61599	0
39.6417	1
39.66743	1
39.69313	1
39.71883	1
39.74455	1
39.77024	1
39.79594	1
39.82167	0
39.84737	0
39.87307	0
39.89882	0
39.92452	0
39.95025	0
39.97598	0
40.00169	1
40.02744	0
40.05314	0
40.07885	0
40.10458	1
40.13029	0
40.15598	0
40.1817	0
40.20741	1
40.23308	0
40.25881	0
40.28451	0
40.3102	0
40.33592	1
40.36163	1
40.3873	1
40.41302	1
40.43872	0
40.46442	0
40.49017	0
40.51585	0
40.54156	0
40.56728	0
40.59298	0
40.61868	0
40.64441	0
40.67009	1
40.69581	1
40.72153	1
40.74722	0
40.77292	0
40.79865	0
40.82433	0
40.85002	0
40.87574	0
40.90142	0
40.92714	0
40.95285	0
40.97855	0
41.00425	1
41.02998	0
41.05568	1
41.08138	1
41.1071	1
41.13279	0
41.15848	1
41.1842	1
41.20989	1
41.23558	1
41.26132	1
41.28702	1
41.31273	1
41.33847	0
41.36418	0
41.3899	1
41.41562	1
41.44132	0
41.46703	0
41.49274	0
41.51846	0
41.5442	0
41.5699	0
41.5956	0
41.62133	0
41.64703	1
41.67272	0
41.69846	0
41.72416	0
41.74984	1
41.77559	1
41.80129	1
41.827	0
41.85273	1
41.87841	0
41.90411	0
41.92984	0
41.95552	1
41.98122	0
42.00694	0
42.03262	1
42.05833	0
42.08405	0
42.10973	1
42.13544	1
42.16117	0
42.18687	0
42.21257	0
42.23828	1
42.26399	1
42.2897	0
42.31541	0
42.34111	1
42.36681	0
42.39253	0
42.41822	0
42.44392	0
42.46966	0
42.49537	0
42.52107	0
42.54681	0
42.57253	0
42.59825	0
42.62397	0
42.64966	0
42.6754	0
42.70111	0
42.72681	0
42.75256	1
42.77826	1
42.80396	1
42.82971	1
42.85541	1
42.88113	1
42.90686	1
42.93256	1
42.95826	0
42.98398	0
43.00967	0
43.03539	0
43.06112	0
43.08681	0
43.11254	0
43.13825	0
43.16396	0
43.18968	1
43.2154	0
43.24112	0
43.26684	0
43.29256	0
43.31827	0
43.34401	0
43.36971	1
43.39543	0
43.42117	0
43.44686	0
43.47256	0
43.4983	0
43.52399	0
43.54971	0
43.57542	0
43.60112	0
43.62683	0
43.65255	1
43.67826	1
43.70397	1
43.72971	1
43.75541	0
43.78111	0
43.80684	0
43.83255	1
43.85826	1
43.88399	0
43.90969	0
43.9354	0
43.96114	0
43.98684	0
44.01257	0
44.03828	0
44.06398	1
44.08971	0
44.11543	1
44.14113	1
44.16688	1
44.19257	0
44.21825	0
44.24399	0
44.26969	0
44.29539	0
44.32111	0
44.3468	0
44.3725	0
44.39823	0
44.42391	0
44.44962	0
44.47534	1
44.50103	1
44.52674	0
44.55247	1
44.57818	0
44.60388	0
44.62961	0
44.65529	1
44.681	0
44.70672	1
44.73242	0
44.75811	0
44.78383	0
44.80952	1
44.83522	1
44.86095	0
44.88664	0
44.91234	0
44.93807	0
44.96377	0
44.98949	1
45.01521	1
45.04094	0
45.06665	0
45.09236	1
45.11808	0
45.14381	0
45.16951	0
45.19521	0
45.22095	0
45.24665	0
45.27235	1
45.29811	1
45.32381	1
45.34951	1
45.37523	0
45.40091	0
45.42662	0
45.45235	1
45.47805	1
45.50376	0
45.52948	0
45.55518	0
45.58089	0
45.60662	0
45.63231	0
45.658	0
45.68373	0
45.70943	0
45.73514	1
45.76089	0
45.7866	0
45.81234	0
45.83806	0
45.86376	0
45.88949	1
45.91519	1
45.9409	1
45.96663	0
45.99232	0
46.01802	1
46.04376	0
46.06945	0
46.09516	0
46.1209	0
46.1466	1
46.17227	0
46.19799	0
46.22369	0
46.24937	0
46.27512	0
46.30082	0
46.32652	0
46.35224	0
46.37794	0
46.40364	0
46.42936	0
46.45505	1
46.48074	1
46.50647	0
46.53217	1
46.55789	0
46.58362	0
46.60931	0
46.63502	0
46.66077	0
46.68647	0
46.71219	0
46.73791	0
46.76361	0
46.78934	0
46.81505	0
46.84076	0
46.86647	0
46.89219	0
46.9179	0
46.94363	0
46.96934	0
46.99504	0
47.02079	0
47.04649	0
47.07217	1
47.09793	1
47.12362	0
47.14932	0
47.17504	0
47.20072	0
47.22644	0
47.25216	0
47.27787	1
47.30357	0
47.32928	0
47.35498	0
47.3807	0
47.40642	1
47.43213	0
47.45782	0
47.48356	0
47.50927	0
47.53499	0
47.56072	0
47.58644	0
47.61216	0
47.63788	0
47.66358	0
47.6893	0
47.715	0
47.74072	0
47.76644	0
47.79214	0
47.81784	0
47.84358	1
47.86927	0
47.89497	0
47.92072	0
47.94641	0
47.97212	0
47.99784	0
48.02353	0
48.04923	0
48.07495	1
48.10064	1
48.12634	1
48.15206	0
48.17774	0
48.20341	0
48.22914	0
48.25484	0
48.28055	0
48.30627	0
48.33195	1
48.35768	1
48.38341	0
48.4091	1
48.43481	0
48.46052	0
48.48621	0
48.5119	0
48.53762	0
48.56333	0
48.58904	0
48.61475	0
48.64043	0
48.66615	0
48.69186	0
48.71755	1
48.74326	1
48.76899	0
48.79467	0
48.82037	0
48.84611	0
48.87181	1
48.89753	1
48.92326	1
48.94896	1
48.97469	1
49.0004	1
49.0261	1
49.05182	0
49.07753	1
49.10322	1
49.12895	1
49.15465	1
49.18036	0
49.20608	0
49.23178	0
49.2575	0
49.28323	0
49.30894	0
49.33463	1
49.36037	1
49.38607	0
49.41178	1
49.43751	1
49.4632	0
49.48891	0
49.51462	0
49.54031	0
49.56603	1
49.59177	0
49.61747	0
49.64317	0
49.66889	0
49.69459	0
49.72027	0
49.74601	1
49.77172	1
49.79741	1
49.82316	1
49.84886	1
49.8746	0
49.90032	0
49.92603	0
49.95177	0
49.97748	0
50.00319	1
50.02893	1
50.05464	1
50.08034	1
50.10606	1
50.13176	1
50.15744	1
50.18317	1
50.20887	1
50.23459	1
50.26031	1
50.28602	1
50.31173	0
50.33744	0
50.36314	0
50.38885	0
50.41459	0
50.44027	0
50.46599	0
50.49171	1
50.51743	1
50.54314	0
50.56887	0
50.59458	1
50.62032	1
50.64602	0
50.67173	0
50.69746	0
50.72315	0
50.74886	0
50.77459	1
50.80029	0
50.826	0
50.85172	0
50.87742	1
50.90311	0
50.92886	0
50.95454	0
50.98023	0
51.00595	1
51.03165	0
51.05733	1
51.08308	1
51.10878	1
51.13448	0
51.1602	0
51.18589	0
51.2116	0
51.23732	0
51.26302	0
51.28872	1
51.31444	1
51.34011	1
51.36583	1
51.39154	1
51.41723	1
51.44292	1
51.46865	1
51.49436	0
51.52006	1
51.54577	1
51.57146	0
51.59717	0
51.62288	0
51.64857	0
51.67427	0
51.69998	0
51.72567	0
51.75137	0
51.7771	0
51.80278	0
51.82848	0
51.85421	0
51.87989	0
51.9056	0
51.93133	0
51.95702	0
51.98273	0
52.00847	0
52.03415	1
52.05986	1
52.08561	1
52.11131	1
52.13703	1
52.16275	1
52.18846	0
52.21418	1
52.23989	0
52.26559	0
52.29132	0
52.31702	0
52.34273	0
52.36845	1
52.39416	1
52.41986	1
52.44559	0
52.47129	1
52.49698	1
52.5227	1
52.5484	1
52.57409	0
52.59982	0
52.62551	0
52.65121	0
52.67693	0
52.70262	1
52.72831	1
52.75403	1
52.77974	1
52.80542	1
52.83114	0
52.85684	0
52.88252	0
52.90825	0
52.93395	0
52.95966	0
52.98539	0
53.01107	0
53.03677	1
53.06249	0
53.08819	0
53.11388	0
53.13961	0
53.16531	0
53.191	0
53.21673	0
53.24243	0
53.26814	0
53.29386	0
53.31955	0
53.34527	0
53.37099	0
53.39668	0
53.42238	1
53.4481	1
53.4738	0
53.4995	1
53.52523	1
53.55091	1
53.5766	0
53.60234	0
53.62804	0
53.65376	0
53.67949	0
53.70517	0
53.73091	0
53.75663	0
53.78233	0
53.80806	0
53.83377	0
53.85948	0
53.88519	0
53.9109	1
53.9366	1
53.96234	1
53.98804	1
54.01374	1
54.03946	0
54.06517	0
54.09087	1
54.1166	1
54.1423	0
54.16798	0
54.19372	0
54.21941	1
54.24511	1
54.27083	0
54.29653	0
54.32223	0
54.34795	0
54.37363	0
54.39935	0
54.42506	0
54.45076	1
54.47646	1
54.50219	0
54.52788	0
54.55358	0
54.5793	0
54.605	0
54.6307	0
54.65644	0
54.68214	1
54.70786	0
54.7336	0
54.7593	0
54.78503	0
54.81074	0
54.83645	0
54.86219	0
54.88789	0
54.91359	0
54.93934	1
54.96503	1
54.99073	1
55.01646	1
55.04217	1
55.06788	0
55.09361	0
55.1193	0
55.14501	0
55.17074	1
55.19642	0
55.22214	0
55.24785	0
55.27354	0
55.29925	0
55.32498	0
55.35067	1
55.37639	1
55.40211	0
55.4278	0
55.45352	1
55.47925	0
55.50493	0
55.53064	0
55.55637	0
55.58208	0
55.60778	0
55.6335	0
55.65919	1
55.68493	0
55.71065	0
55.73636	1
55.7621	0
55.78781	0
55.81352	1
55.83926	1
55.86495	0
55.89065	1
55.91639	0
55.94209	0
55.96777	0
55.99352	0
56.01921	0
56.04491	0
56.07064	0
56.09633	0
56.12203	0
56.14775	0
56.17343	0
56.19914	0
56.22486	0
56.25055	0
56.27626	0
56.30198	0
56.32766	1
56.35336	1
56.37907	1
56.40477	1
56.43048	0
56.45619	0
56.48189	0
56.5076	0
56.53331	0
56.55901	1
56.58471	1
56.61043	1
56.63613	1
56.66183	1
56.68756	1
56.71327	1
56.73897	1
56.76469	1
56.79037	1
56.81606	1
56.8418	0
56.8675	0
56.89322	0
56.91895	0
56.94464	1
56.97037	1
56.99609	1
57.0218	0
57.04752	0
57.07322	0
57.09893	0
57.12466	0
57.15035	0
57.17606	0
57.20181	1
57.22751	1
57.2532	0
57.27893	0
57.30464	0
57.33034	0
57.35606	0
57.38175	0
57.40747	0
57.43319	0
57.45887	0
57.48458	1
57.51031	0
57.53601	0
57.5617	0
57.58741	0
57.61311	0
57.63882	0
57.66455	0
57.69024	1
57.71593	1
57.74165	0
57.76735	0
57.79306	1
57.81878	1
57.84448	1
57.87018	0
57.89592	0
57.92161	0
57.94731	0
57.97306	0
57.99876	1
58.02449	0
58.05021	0
58.07591	0
58.10163	0
58.12734	0
58.15303	0
58.17879	0
58.20449	1
58.23021	1
58.25593	1
58.28163	1
58.30732	1
58.33306	0
58.35876	0
58.38444	0
58.41018	0
58.43587	0
58.46158	0
58.48731	0
58.513	0
58.53871	0
58.56443	0
58.59012	0
58.61584	0
58.64156	1
58.66726	1
58.69296	1
58.71869	1
58.74437	1
58.77008	1
58.79582	1
58.82153	0
58.84724	0
58.87295	0
58.89867	0
58.9244	0
58.95011	1
58.97582	1
59.00153	0
59.02725	0
59.05295	0
59.07868	0
59.10438	0
59.13009	1
59.15583	1
59.18154	0
59.20723	0
59.23298	0
59.25867	0
59.28438	0
59.3101	0
59.33579	0
59.36149	0
59.38722	1
59.41291	1
59.43862	1
59.46435	1
59.49004	1
59.51574	0
59.54145	0
59.56715	0
59.59286	0
59.61858	0
59.64425	0
59.66997	0
59.69569	1
59.72138	1
59.7471	1
59.77282	1
59.79852	1
59.82421	1
59.84995	1
59.87566	1
59.90136	1
59.92707	0
59.95278	0
59.9785	0
60.00421	0
60.02993	0
60.05564	0
60.08134	1
60.10704	1
60.13277	0
60.15848	0
60.18419	0
60.20991	0
60.23561	0
60.26132	0
60.28706	0
60.31278	0
60.33846	0
60.36418	0
60.38988	0
60.41558	0
60.44132	0
60.46701	0
60.49269	0
60.51844	0
60.54413	1
60.56982	1
60.59556	1
60.62126	1
60.64697	1
60.6727	0
60.69838	0
60.72409	0
60.74983	0
60.77552	0
60.80122	0
60.82694	0
60.85263	1
60.87834	1
60.90406	1
60.92974	0
60.95544	0
60.98116	1
61.00686	0
61.03257	1
61.0583	1
61.08401	0
61.10974	1
61.13545	1
61.16116	0
61.18689	0
61.21259	0
61.23829	0
61.26402	1
61.28973	0
61.31543	0
61.34117	0
61.36687	0
61.39257	0
61.41829	0
61.44398	0
61.46968	0
61.49543	0
61.52112	0
61.54682	0
61.57256	0
61.59825	0
61.62397	1
61.64969	1
61.67538	1
61.70108	0
61.7268	0
61.75248	0
61.77819	0
61.80394	0
61.82964	0
61.85534	0
61.88108	0
61.9068	0
61.93254	1
61.95825	1
61.98395	1
62.00968	1
62.03539	1
62.0611	1
62.08682	0
62.11253	0
62.13824	0
62.16398	0
62.1897	0
62.2154	0
62.24114	0
62.26683	0
62.29253	0
62.31826	0
62.34395	0
62.36966	0
62.39539	0
62.42106	0
62.44678	0
62.47251	0
62.49821	0
62.52392	0
62.54965	0
62.57536	1
62.60107	1
62.6268	0
62.65251	0
62.67823	1
62.70394	0
62.72966	0
62.75537	1
62.78108	0
62.80678	0
62.83252	0
62.85822	0
62.88394	0
62.90968	0
62.93539	1
62.96109	1
62.98682	0
63.01251	0
63.03821	1
63.06394	0
63.08963	0
63.11532	0
63.14105	0
63.16674	0
63.19244	0
63.21817	0
63.24387	0
63.26959	0
63.29531	0
63.321	0
63.34671	0
63.37243	0
63.39811	0
63.42383	1
63.44957	1
63.47525	1
63.50098	1
63.52671	1
63.55241	0
63.57814	0
63.60386	1
63.62957	0
63.6553	0
63.68101	0
63.70672	0
63.73246	0
63.75816	0
63.78387	1
63.80961	1
63.8353	1
63.86101	0
63.88675	0
63.91245	0
63.93815	0
63.96387	1
63.98957	1
64.01527	1
64.04099	1
64.06668	1
64.09239	0
64.11813	0
64.14383	0
64.16952	0
64.19524	0
64.22093	1
64.24663	1
64.27236	0
64.29807	0
64.32381	0
64.34952	0
64.37524	0
64.40096	0
64.42667	0
64.45238	0
64.47813	0
64.50384	0
64.52955	0
64.55528	0
64.58098	0
64.60669	0
64.63243	1
64.65811	1
64.68382	1
64.70954	1
64.73525	1
64.76095	1
64.78667	1
64.81237	0
64.83807	0
64.86382	0
64.88953	0
64.91521	1
64.94093	1
64.96663	1
64.99232	1
65.01804	1
65.04374	1
65.06944	1
65.09516	0
65.12087	1
65.14657	1
65.17231	1
65.19804	0
65.22376	0
65.24947	0
65.27518	0
65.30093	1
65.32664	1
65.35235	0
65.37807	0
65.40376	0
65.42946	0
65.45518	0
65.48089	0
65.50657	0
65.53232	0
65.55801	0
65.58373	0
65.60945	0
65.63516	0
65.66087	0
65.68661	0
65.7123	0
65.73801	0
65.76376	0
65.78946	0
65.81517	0
65.8409	0
65.86662	0
65.89236	0
65.91807	0
65.94378	0
65.96951	0
65.99521	0
66.02093	0
66.04667	0
66.07238	0
66.09808	0
66.12381	0
66.14951	0
66.17522	0
66.20094	1
66.22665	0
66.25234	0
66.27807	0
66.30377	0
66.32949	0
66.35521	0
66.38091	0
66.40662	0
66.43235	1
66.45805	0
66.48377	0
66.5095	0
66.53521	0
66.56093	0
66.58665	0
66.61236	0
66.63809	0
66.66381	0
66.68951	0
66.71526	0
66.74096	0
66.76667	0
66.7924	0
66.81811	0
66.84381	0
66.86954	0
66.89523	0
66.92095	1
66.94669	1
66.97238	1
66.99808	1
67.02381	1
67.04952	1
67.07523	1
67.10095	1
67.12666	1
67.15238	1
67.17809	0
67.20379	0
67.22951	0
67.25522	0
67.28094	0
67.30669	1
67.3324	1
67.3581	1
67.38383	1
67.40955	0
67.43525	0
67.46098	1
67.48667	1
67.51236	0
67.53809	0
67.5638	0
67.58951	0
67.61523	0
67.64092	0
67.66663	0
67.69237	1
67.71808	1
67.74381	1
67.76954	1
67.79524	1
67.82096	0
67.84667	0
67.87238	0
67.8981	0
67.92381	0
67.94952	0
67.97524	0
68.00096	0
68.02667	0
68.05241	0
68.07811	0
68.10381	0
68.12953	0
68.15524	1
68.18094	1
68.20666	1
68.23235	1
68.25803	0
68.28378	1
68.30946	1
68.33515	1
68.36088	1
68.38657	0
68.41228	0
68.43801	0
68.46371	0
68.48941	0
68.51514	0
68.54082	0
68.56655	0
68.59228	0
68.61797	0
68.64367	0
68.66941	0
68.6951	0
68.7208	0
68.74654	0
68.77224	0
68.79795	1
68.82367	0
68.84937	0
68.87509	0
68.9008	1
68.92652	1
68.95224	0
68.97795	0
69.00367	1
69.0294	0
69.0551	0
69.08081	0
69.10656	0
69.13226	0
69.15794	0
69.18369	0
69.20937	0
69.23508	0
69.2608	0
69.2865	0
69.31219	1
69.33791	1
69.36362	0
69.38933	0
69.41505	0
69.44074	0
69.46646	0
69.49219	0
69.51789	0
69.54358	0
69.56931	1
69.59502	0
69.62074	0
69.64645	0
69.67215	1
69.69788	1
69.72359	1
69.74931	1
69.77502	0
69.80074	0
69.82645	0
69.8522	0
69.87791	0
69.90363	0
69.92935	1
69.95505	0
69.98074	0
70.00648	1
70.03217	0
70.05785	0
70.08358	0
70.10927	0
70.13499	0
70.16071	0
70.18641	0
70.21213	0
70.23785	0
70.26355	0
70.28925	0
70.31499	1
70.34068	1
70.36638	0
70.3921	0
70.41779	0
70.44348	0
70.46922	0
70.49493	1
70.52063	1
70.54635	0
70.57207	0
70.59779	1
70.6235	1
70.64922	1
70.67493	1
70.70064	1
70.72633	0
70.75204	0
70.77776	1
70.80346	0
70.82921	1
70.85491	1
70.88061	0
70.90636	0
70.93205	1
70.95774	1
70.98346	0
71.00916	0
71.03484	0
71.06059	0
71.0863	0
71.11201	0
71.13773	0
71.16343	0
71.18914	0
71.21486	0
71.24055	0
71.26626	0
71.29199	1
71.31767	0
71.34338	0
71.36911	0
71.3948	1
71.42049	0
71.44623	1
71.47195	0
71.49765	0
71.52338	0
71.54909	1
71.5748	1
71.60051	1
71.62622	1
71.65195	0
71.67767	0
71.70338	0
71.72912	1
71.75482	0
71.78052	0
71.80625	0
71.83196	0
71.85766	1
71.88337	1
71.90907	1
71.93476	1
71.96049	0
71.98618	1
72.01189	1
72.03761	1
72.06331	0
72.08902	0
72.11475	0
72.14044	0
72.16615	1
72.19187	1
72.21758	0
72.24329	0
72.26902	1
72.29472	1
72.32044	1
72.34616	0
72.37186	1
72.39761	0
72.42332	0
72.44903	0
72.47476	0
72.50047	1
72.52618	1
72.55191	0
72.57761	0
72.60332	0
72.62906	0
72.65476	0
72.68047	0
72.7062	0
72.7319	0
72.7576	0
72.78333	0
72.80904	0
72.83474	1
72.86045	1
72.88615	0
72.91186	0
72.93759	0
72.96329	0
72.98899	1
73.01472	0
73.04043	0
73.06614	0
73.09186	0
73.11757	1
73.14329	0
73.169	0
73.19473	0
73.22045	0
73.24617	1
73.27187	0
73.29761	0
73.3233	0
73.34901	0
73.37476	1
73.40045	0
73.42615	0
73.45189	0
73.47758	0
73.50329	1
73.52902	1
73.55473	1
73.58043	1
73.60616	0
73.63186	0
73.65757	1
73.68331	0
73.70902	0
73.73473	0
73.76043	0
73.78613	0
73.81187	1
73.83759	1
73.8633	1
73.88902	1
73.91473	1
73.94046	1
73.96619	0
73.99188	0
74.01758	0
74.04331	1
74.06902	0
74.09473	0
74.12044	0
74.14615	1
74.17184	1
74.19756	0
74.22326	1
74.24895	0
74.27467	1
74.30037	1
74.32605	1
74.35175	0
74.37746	1
74.40316	0
74.4289	0
74.4546	0
74.4803	0
74.50603	0
74.53174	0
74.55745	0
74.58315	1
74.60884	1
74.63454	1
74.66027	1
74.68596	1
74.71166	0
74.73738	0
74.76305	0
74.78877	0
74.8145	0
74.84019	0
74.86591	0
74.89164	0
74.91732	0
74.94302	1
74.96875	1
74.99444	0
75.02016	0
75.04588	1
75.07159	1
75.09732	0
75.12302	0
75.14874	0
75.17444	0
75.20016	0
75.22586	0
75.25159	0
75.27729	0
75.30299	0
75.32871	0
75.35443	0
75.38014	1
75.40586	1
75.43156	1
75.45727	1
75.48298	0
75.5087	0
75.53439	0
75.56012	0
75.58582	0
75.61153	0
75.63726	0
75.66294	0
75.68866	0
75.71438	1
75.74007	0
75.76577	0
75.7915	1
75.81718	1
75.84288	1
75.86861	0
75.89429	0
75.92003	0
75.94574	0
75.97143	0
75.99713	0
76.02286	1
76.04855	1
76.07424	0
76.09998	0
76.12569	0
76.15141	0
76.17712	0
76.20282	0
76.22855	1
76.25426	1
76.27997	0
76.30568	0
76.33138	0
76.35709	1
76.3828	1
76.40849	0
76.4342	0
76.45992	0
76.48564	0
76.51134	0
76.53709	1
76.5628	1
76.58849	1
76.61423	0
76.63993	0
76.66562	0
76.69133	0
76.71703	0
76.74272	1
76.76846	0
76.79414	0
76.81984	0
76.84557	1
76.87125	1
76.89697	1
76.92271	0
76.9484	0
76.97411	0
76.99983	0
77.02552	0
77.05124	1
77.07697	1
77.10265	0
77.12836	0
77.15409	0
77.17978	0
77.20552	0
77.23124	1
77.25694	0
77.28266	0
77.30836	0
77.33408	0
77.35981	0
77.38552	0
77.41123	0
77.43696	0
77.46267	0
77.48838	0
77.51412	0
77.53983	1
77.56553	1
77.59126	1
77.61696	0
77.64266	0
77.66838	1
77.69408	1
77.71979	1
77.7455	1
77.77121	0
77.79692	0
77.82265	0
77.84834	0
77.87405	0
77.89977	0
77.92546	0
77.95117	1
77.97691	1
78.00262	0
78.02834	0
78.05406	0
78.07977	0
78.1055	0
78.1312	0
78.15689	0
78.18262	0
78.20834	0
78.23405	1
78.2598	0
78.2855	0
78.3112	0
78.33695	0
78.36265	0
78.38835	1
78.41408	0
78.43977	1
78.46546	0
78.4912	0
78.51691	0
78.54261	0
78.56833	1
78.59402	0
78.61975	0
78.64548	1
78.67119	0
78.69689	0
78.7226	0
78.74832	0
78.77406	0
78.79975	0
78.82547	1
78.85117	0
78.87688	0
78.9026	0
78.92834	1
78.95404	1
78.97974	1
79.00547	1
79.03117	1
79.05689	1
79.08261	1
79.10831	0
79.13402	0
79.15974	0
79.18545	1
79.21117	1
79.2369	1
79.26259	1
79.28828	1
79.31401	0
79.3397	0
79.36543	0
79.39116	0
79.41685	0
79.44257	0
79.46829	0
79.494	0
79.51971	0
79.54543	1
79.57113	0
79.59685	1
79.62256	1
79.64827	1
79.674	0
79.69971	0
79.72542	0
79.75116	0
79.77688	0
79.80258	0
79.82832	0
79.85402	0
79.87973	0
79.90546	0
79.93117	0
79.95688	0
79.98261	1
80.00832	1
80.03402	1
80.05975	1
80.08544	1
80.11114	0
80.13686	1
80.16257	1
80.18829	1
80.21399	0
80.23971	0
80.26542	0
80.29113	1
80.31683	1
80.34257	1
80.36827	0
80.39398	1
80.41972	1
80.44543	1
80.47113	1
80.49687	1
80.52257	0
80.54828	0
80.57402	0
80.59972	0
80.62544	1
80.65117	1
80.67686	0
80.70257	0
80.72829	1
80.75397	0
80.77967	0
80.8054	0
80.83108	0
80.85677	0
80.8825	0
80.90821	0
80.93391	0
80.95964	0
80.98533	0
81.01104	0
81.03677	0
81.06248	0
81.0882	1
81.11392	0
81.13962	1
81.16535	1
81.19107	1
81.21677	0
81.24251	1
81.26822	1
81.29393	1
81.31967	1
81.34538	1
81.37108	0
81.3968	0
81.4225	0
81.44821	0
81.47394	0
81.49962	0
81.52531	0
81.55104	0
81.57672	1
81.60245	1
81.62816	0
81.65385	0
81.67957	0
81.70528	0
81.731	0
81.75671	0
81.78243	0
81.80813	0
81.83383	0
81.85957	0
81.88528	0
81.91099	0
81.9367	0
81.9624	0
81.98812	0
82.01384	1
82.03954	1
82.06525	1
82.09097	0
82.11668	0
82.1424	0
82.16812	0
82.19382	0
82.21955	0
82.24525	0
82.27096	1
82.29669	1
82.3224	0
82.3481	0
82.37382	0
82.39951	1
82.42519	1
82.45093	1
82.47662	1
82.50233	0
82.52806	0
82.55375	1
82.57946	0
82.60517	1
82.63087	0
82.65658	0
82.68231	1
82.708	1
82.73371	1
82.75944	0
82.78513	0
82.81084	0
82.83657	0
82.86227	0
82.88799	1
82.9137	1
82.93941	1
82.96513	1
82.99084	0
83.01657	1
83.0423	1
83.06801	1
83.09372	1
83.11944	0
83.14515	1
83.17085	1
83.19657	1
83.22227	1
83.24796	0
83.2737	0
83.29942	1
83.3251	1
83.35083	1
83.37653	0
83.40223	0
83.42798	0
83.45368	0
83.47939	0
83.5051	0
83.53079	0
83.55651	0
83.58223	0
83.60793	0
83.63363	1
83.65936	1
83.68504	1
83.71075	0
83.73649	0
83.7622	0
83.7879	0
83.81361	0
83.83929	0
83.86504	1
83.89075	0
83.91644	0
83.94218	0
83.96789	0
83.9936	1
84.01933	1
84.04502	1
84.07072	1
84.09647	1
84.12217	0
84.14788	1
84.17361	1
84.19932	0
84.22501	0
84.25072	1
84.27642	1
84.30212	0
84.32786	0
84.35355	1
84.37924	1
84.40497	1
84.43066	0
84.45637	0
84.4821	1
84.5078	1
84.53351	1
84.55924	1
84.58493	1
84.61064	1
84.63636	0
84.66205	0
84.68774	0
84.71348	0
84.73917	1
84.76487	0
84.7906	1
84.81628	1
84.842	1
84.86772	0
84.89343	0
84.91914	0
84.94486	0
84.97057	1
84.99629	0
85.022	0
85.04769	0
85.07342	0
85.09913	0
85.12482	0
85.15055	0
85.17626	1
85.20197	0
85.22771	0
85.25341	1
85.27913	1
85.30485	0
85.33054	0
85.35624	0
85.38197	0
85.40765	1
85.43336	0
85.45909	1
85.48479	1
85.51049	0
85.53622	1
85.56191	0
85.58763	0
85.61335	0
85.63903	1
85.66474	1
85.69048	0
85.71619	0
85.74188	0
85.76761	0
85.7933	0
85.81902	0
85.84474	1
85.87045	1
85.89618	0
85.92189	0
85.9476	0
85.97332	0
85.99902	1
86.02473	1
86.05043	1
86.07613	0
86.10183	1
86.12758	1
86.1533	0
86.17899	0
86.20473	0
86.23043	0
86.25614	0
86.28186	0
86.30756	0
86.33326	0
86.35899	1
86.38469	0
86.41038	0
86.43612	1
86.46181	1
86.48753	1
86.51325	1
86.53894	1
86.56466	0
86.59039	1
86.61607	0
86.64178	0
86.6675	1
86.69319	1
86.71889	1
86.74463	0
86.77032	0
86.79603	0
86.82176	0
86.84747	0
86.87319	0
86.8989	0
86.92461	1
86.95033	0
86.97604	1
87.00175	1
87.02747	1
87.05319	0
87.07889	0
87.10462	0
87.13033	0
87.15604	0
87.18178	0
87.20747	0
87.23316	0
87.25888	0
87.28458	0
87.31027	0
87.33601	1
87.3617	0
87.38741	0
87.41315	1
87.43883	0
87.46455	0
87.49026	0
87.51595	0
87.54166	0
87.56738	0
87.59306	0
87.61877	0
87.64451	0
87.6702	0
87.69591	1
87.72164	0
87.74733	0
87.77304	1
87.79876	1
87.82448	1
87.85018	1
87.8759	1
87.90161	0
87.92732	0
87.95303	0
87.97874	0
88.00446	0
88.03017	0
88.05587	1
88.08162	0
88.10732	0
88.13303	0
88.15877	1
88.18447	1
88.21016	1
88.23587	1
88.26158	0
88.28728	0
88.31301	1
88.33871	0
88.36442	0
88.39014	0
88.41583	1
88.44154	0
88.46725	0
88.49294	0
88.51865	0
88.54437	0
88.57006	0
88.59576	0
88.62149	0
88.64718	0
88.67288	0
88.6986	0
88.7243	0
88.75001	0
88.77573	0
88.80143	0
88.82713	0
88.85285	0
88.87853	0
88.90424	0
88.92997	0
88.95569	0
88.9814	0
89.0071	0
89.03281	1
89.05853	1
89.08424	0
89.10994	1
89.13566	1
89.16136	1
89.18706	1
89.21277	1
89.23847	0
89.26418	1
89.2899	0
89.31559	0
89.3413	1
89.36703	0
89.39274	0
89.41843	1
89.44418	1
89.46988	0
89.49557	0
89.52132	0
89.54702	0
89.57272	1
89.59843	0
89.62414	0
89.64983	0
89.67557	1
89.70125	1
89.72694	0
89.75268	0
89.77836	0
89.80405	0
89.82976	0
89.85545	0
89.88115	0
89.90689	0
89.93259	0
89.95831	0
89.98402	0
90.00971	0
90.03542	0
90.06113	1
90.08684	1
90.11254	1
90.13828	0
90.16396	0
90.18967	0
90.2154	0
90.24109	0
90.26679	0
90.29252	0
90.31821	0
90.34393	0
90.36964	1
90.39535	0
90.42106	1
90.44678	0
90.4725	0
90.49821	0
90.52393	0
90.54963	1
90.57536	0
90.60107	0
90.62676	0
90.6525	0
90.6782	0
90.70391	0
90.72964	0
90.75535	0
90.78104	0
90.80679	0
90.83248	0
90.85818	0
90.88391	1
90.90961	1
90.93532	0
90.96105	0
90.98676	0
91.01246	0
91.03819	0
91.06389	0
91.08961	1
91.11533	1
91.14103	0
91.16673	0
91.19244	0
91.21816	1
91.24387	0
91.26958	0
91.29529	0
91.32099	1
91.3467	1
91.37241	0
91.39814	0
91.42384	0
91.44955	0
91.4753	0
91.50101	0
91.52671	1
91.55244	1
91.57815	1
91.60384	1
91.62955	0
91.65525	0
91.68095	0
91.70668	0
91.73237	0
91.75806	0
91.78378	0
91.80947	0
91.83517	1
91.86087	0
91.88657	0
91.91227	0
91.938	0
91.9637	0
91.98938	1
92.0151	0
92.0408	0
92.06649	1
92.09223	1
92.11791	0
92.14363	0
92.16936	0
92.19505	0
92.22076	0
92.2465	0
92.27219	1
92.29789	1
92.32362	0
92.34932	0
92.37503	0
92.40076	0
92.42648	0
92.45219	0
92.47791	0
92.50362	0
92.52934	0
92.55503	0
92.58075	0
92.60647	0
92.63219	0
92.65789	0
92.68362	0
92.70934	0
92.73502	0
92.76076	0
92.78646	0
92.81218	0
92.83791	0
92.8636	0
92.88929	1
92.91503	1
92.94073	1
92.96644	0
92.99216	0
93.01784	0
93.04356	0
93.06928	0
93.09499	1
93.12069	0
93.14642	1
93.17211	0
93.19783	0
93.22357	1
93.24925	1
93.27496	0
93.30068	0
93.32639	0
93.3521	0
93.37783	0
93.40353	0
93.42924	1
93.45496	0
93.48069	0
93.50643	0
93.53215	0
93.55786	1
93.58358	1
93.60928	1
93.63498	0
93.6607	0
93.68639	0
93.71208	0
93.73781	0
93.76351	0
93.7892	1
93.81493	1
93.84061	1
93.8663	1
93.89204	0
93.91774	1
93.94343	0
93.96916	0
93.99484	0
94.02055	0
94.04626	1
94.07195	1
94.09766	1
94.12339	0
94.14908	0
94.17479	1
94.20051	1
94.2262	0
94.25192	0
94.27764	0
94.30333	0
94.32905	1
94.35479	1
94.3805	0
94.40621	0
94.43194	0
94.45763	0
94.48337	0
94.50907	0
94.53476	1
94.56048	0
94.5862	0
94.61191	0
94.63763	0
94.66334	0
94.68904	0
94.71478	0
94.74049	0
94.7662	0
94.79192	1
94.81762	1
94.84331	0
94.86903	0
94.89472	0
94.92042	0
94.94614	1
94.97183	0
94.99753	0
95.02326	0
95.04896	0
95.07466	0
95.10039	1
95.12608	1
95.15178	0
95.17751	0
95.20321	0
95.22891	0
95.25463	0
95.28032	0
95.30603	0
95.33176	0
95.35745	1
95.38316	1
95.40888	1
95.43458	1
95.46028	1
95.48601	1
95.5117	0
95.53743	0
95.56316	0
95.58885	0
95.61459	0
95.64028	0
95.66597	0
95.69169	0
95.71739	1
95.7431	1
95.76882	1
95.79452	1
95.82023	1
95.84595	0
95.87167	0
95.89738	1
95.9231	0
95.94881	0
95.97453	0
96.00024	0
96.02595	1
96.05164	1
96.07736	1
96.10307	0
96.12878	1
96.15451	1
96.18021	0
96.20592	0
96.23164	0
96.25733	0
96.28305	0
96.30879	0
96.33449	1
96.36021	1
96.38593	0
96.41162	0
96.43734	1
96.46304	0
96.48875	0
96.51447	0
96.54018	1
96.5659	1
96.59162	1
96.61734	0
96.64304	0
96.66879	0
96.69449	0
96.72019	0
96.74593	0
96.77164	0
96.79734	0
96.82306	1
96.84875	0
96.87444	0
96.90016	1
96.92587	0
96.95155	0
96.97729	0
97.00298	0
97.02866	0
97.05441	1
97.0801	1
97.10581	0
97.13152	0
97.15722	0
97.18294	1
97.20866	0
97.23434	0
97.26005	0
97.28577	0
97.31147	0
97.33719	0
97.36292	1
97.38862	1
97.41434	0
97.44006	0
97.46576	0
97.49149	0
97.51719	0
97.54291	0
97.56862	0
97.59434	0
97.62004	0
97.64578	0
97.6715	0
97.69722	0
97.72294	0
97.74865	0
97.77435	1
97.80007	1
97.82577	1
97.85146	0
97.8772	0
97.9029	0
97.92862	0
97.95435	0
97.98004	0
98.00576	0
98.03151	0
98.05719	0
98.08289	1
98.10862	1
98.13433	1
98.16007	1
98.18579	1
98.21149	0
98.23721	0
98.26291	1
98.28861	1
98.31433	0
98.34003	0
98.36574	0
98.39148	0
98.41718	1
98.44288	1
98.46861	0
98.4943	0
98.52	0
98.54574	0
98.57144	0
98.59715	1
98.62286	1
98.64857	1
98.67428	0
98.70002	0
98.72571	1
98.75143	0
98.77717	0
98.80286	0
98.82858	0
98.85432	0
98.88001	0
98.90574	0
98.93146	0
98.95716	1
98.98289	0
99.00861	1
99.03432	0
99.06005	1
99.08576	1
99.11146	1
99.1372	1
99.16292	1
99.18863	1
99.21435	1
99.24004	1
99.26573	0
99.29149	0
99.31718	0
99.3429	1
99.36862	1
99.39432	1
99.42001	1
99.44574	1
99.47144	0
99.49714	0
99.52286	0
99.54856	0
99.57427	0
99.60001	0
99.6257	0
99.65142	0
99.67712	0
99.70284	0
99.72858	0
99.75429	0
99.78	0
99.80571	0
99.83143	0
99.85715	0
99.88287	1
99.90858	0
99.93428	0
99.96002	0
99.98573	0
100.01143	1
100.03718	1
100.06287	1
100.08859	1
100.11431	0
100.14001	1
100.16573	1
100.19146	0
100.21715	0
100.24286	0
100.26858	0
100.29427	0
100.32	1
100.34571	0
100.37142	0
100.39715	0
100.42286	0
100.44857	0
100.47428	0
100.49998	0
100.52568	0
100.55141	1
100.57713	0
100.60284	0
100.62858	0
100.65427	1
100.67999	1
100.70571	1
100.73141	1
100.75712	1
100.78283	1
100.80853	1
100.83422	0
100.85995	1
100.88564	1
100.91133	0
100.93705	0
100.96275	0
100.98844	0
101.01418	0
101.03987	0
101.06556	0
101.09129	0
101.11699	0
101.14272	1
101.16844	1
101.19415	1
101.21985	0
101.24557	0
101.27127	0
101.29697	1
101.32272	1
101.34842	1
101.37415	1
101.39986	0
101.42558	0
101.4513	0
101.47701	0
101.50272	0
101.52846	0
101.55418	0
101.57988	1
101.60561	1
101.63132	0
101.65702	1
101.68275	1
101.70847	1
101.73418	1
101.7599	0
101.78559	0
101.8113	0
101.83705	0
101.86275	0
101.88845	1
101.91418	0
101.93987	1
101.9656	0
101.99131	0
102.01702	0
102.04276	1
102.06847	1
102.09417	1
102.1199	1
102.14561	1
102.17132	0
102.19704	0
102.22275	0
102.24845	0
102.2742	0
102.2999	0
102.32561	1
102.35132	0
102.37702	0
102.40272	0
102.42846	1
102.45415	0
102.47986	0
102.50558	0
102.53127	0
102.55698	0
102.5827	0
102.60839	1
102.63409	1
102.65981	0
102.68551	0
102.71123	0
102.73696	0
102.76267	0
102.7884	0
102.8141	1
102.83982	0
102.86555	0
102.89126	1
102.91696	1
102.94268	1
102.96838	1
102.99409	0
103.01984	1
103.04555	1
103.07124	0
103.09698	0
103.1227	0
103.14841	0
103.17412	0
103.19982	0
103.22551	0
103.25125	0
103.27695	0
103.30266	0
103.32838	1
103.35406	1
103.37978	1
103.4055	1
103.4312	1
103.45689	0
103.48262	1
103.50831	1
103.53402	0
103.55976	0
103.58545	0
103.61115	0
103.63689	0
103.6626	1
103.68832	1
103.71404	0
103.73974	0
103.76545	0
103.79117	0
103.81687	1
103.84258	1
103.86828	1
103.89397	1
103.9197	1
103.9454	0
103.97112	0
103.99687	1
104.02258	0
104.04829	0
104.07401	0
104.09971	0
104.12542	0
104.15114	0
104.17684	1
104.20252	0
104.22827	0
104.25397	0
104.27969	0
104.3054	0
104.3311	0
104.35681	0
104.38253	0
104.40823	0
104.43393	0
104.45965	0
104.48533	1
104.51102	1
104.53677	1
104.56245	1
104.58817	1
104.6139	0
104.63959	0
104.66532	0
104.69103	0
104.71675	0
104.74248	0
104.76819	0
104.79388	0
104.81962	0
104.84533	0
104.87104	0
104.89677	0
104.92245	0
104.94816	1
104.97389	0
104.9996	1
105.02531	1
105.05103	1
105.07674	0
105.10243	0
105.12815	0
105.15385	0
105.17953	0
105.20528	0
105.23098	0
105.25669	0
105.28242	0
105.30814	0
105.33384	0
105.35957	1
105.38526	1
105.41096	0
105.43669	0
105.46237	0
105.48808	0
105.5138	0
105.53949	1
105.56522	1
105.59093	1
105.61663	1
105.64236	1
105.99758	1
106.02297	1
106.04869	1
106.07442	1
106.10012	1
106.12581	1
106.15154	1
106.17724	1
106.20293	1
106.22865	1
106.25434	1
106.28003	1
106.30577	1
106.33146	1
106.35716	1
106.38288	1
106.40858	1
106.4343	1
106.46003	1
106.48574	1
106.51146	1
106.53717	1
106.56288	1
106.58861	1
106.61435	1
106.64007	1
106.66579	1
106.69153	1
106.71723	1
106.74296	1
106.76867	1
106.79439	1
106.82011	1
106.84581	1
106.87151	1
106.89723	1
106.92293	1
106.94863	1
106.97436	1